0.0000001719017221
-0.0000000175059668
-0.0000000004645586
-0.0000004693764337
-0.0000000811468634
-0.0000002222263074
0.0000003356183262
0.0000004437985756
-0.0000004283577006
-0.0000001672023800
0.0000001543024948
-0.0000000829609651
-0.0000046089465634
-0.0000106518895951
-0.0000138334313037
-0.0000147545639246
-0.0000146485830166
-0.0000146471168108
-0.0000143580008175
-0.0000152885799035
-0.0000151239907000
-0.0000151476575026
-0.0000149046483014
-0.0000147517414624
-0.0000144472856340
-0.0000140470427843
-0.0000132280339641
-0.0000128536179944
-0.0000115433020242
-0.0000108897621857
-0.0000092329606783
-0.0000089456480491
-0.0000079022731211
-0.0000072713677118
-0.0000072452105988
-0.0000069345433563
-0.0000057827425762
-0.0000054522537797
-0.0000057928231612
-0.0000043272682264
-0.0000038765568073
-0.0000035262208044
-0.0000026026484334
-0.0000021263630032
-0.0000015757316138
-0.0000014540595027
-0.0000002587900528
-0.0000002510598843
0.0000003712053523
0.0000008667728516
0.0000012153975659
0.0000016114371968
0.0000016816535363
0.0000030475403340
0.0000026427298519
0.0000033352742873
0.0000035667463542
0.0000039921365895
0.0000044361936358
0.0000055506174973
0.0000055413541058
0.0000063524311058
0.0000064266954108
0.0000066895002863
0.0000066595032928
0.0000072620495404
0.0000076559577553
0.0000075474168876
0.0000077251074922
0.0000083355656507
0.0000082992321183
0.0000086069889640
0.0000091244116784
0.0000090964799788
0.0000097222238577
0.0000101829699363
0.0000105552057543
0.0000105883377475
0.0000108925294182
0.0000116991381573
0.0000116015819342
0.0000125098506465
0.0000131489945119
0.0000136321907440
0.0000135878499892
0.0000133330150192
0.0000148388139652
0.0000150808922570
0.0000155544994504
0.0000164890036783
0.0000168433646830
0.0000172622243681
0.0000180844411137
0.0000189797120265
0.0000199245920155
0.0000203387711708
0.0000205621674577
0.0000211013722624
0.0000206076295781
0.0000215559656657
0.0000215473124884
0.0000216290680207
0.0000224528436650
0.0000225916162769
0.0000231957461285
0.0000233243991872
0.0000242246550337
0.0000253772072532
0.0000257828193852
0.0000262882724881
0.0000274110006451
0.0000281781805408
0.0000291866500388
0.0000292267607521
0.0000296137060876
0.0000302919969428
0.0000305182607559
0.0000305879622180
0.0000311872816542
0.0000318703742470
0.0000316253909947
0.0000329615657232
0.0000328732448990
0.0000335045974917
0.0000340875398938
0.0000348988129885
0.0000356816365975
0.0000359822856768
0.0000360250519505
0.0000369149508535
0.0000374071196225
0.0000372786594654
0.0000394995022159
0.0000392908555809
0.0000394552436196
0.0000400799055813
0.0000403963797033
0.0000407267382103
0.0000418012378855
0.0000426796473168
0.0000439199058489
0.0000443289087879
0.0000451178532111
0.0000449417671570
0.0000457680795780
0.0000456904948577
0.0000469444852572
0.0000472148675110
0.0000473333104196
0.0000482686676021
0.0000485806070436
0.0000492456684447
0.0000508390289259
0.0000508103461121
0.0000520506195002
0.0000515163515666
0.0000524420886456
0.0000530079700594
0.0000529701371154
0.0000553762366437
0.0000545606536037
0.0000550429033647
0.0000552528885043
0.0000568525383021
0.0000576182643918
0.0000567982432190
0.0000566856724487
0.0000556210937233
0.0000558658994634
0.0000574354048573
0.0000581062859370
0.0000588063865101
0.0000586366482881
0.0000591161674284
0.0000600375498592
0.0000607168848832
0.0000611638919874
0.0000613589842988
0.0000618879022530
0.0000623454503543
0.0000631688377899
0.0000637433720928
0.0000644238079107
0.0000650261131364
0.0000659711578028
0.0000659431936702
0.0000671148801271
0.0000670791976838
0.0000683388856323
0.0000604100527960
0.0000618883757329
0.0000633095355103
0.0000626492415551
0.0000638091367462
0.0000647786961289
0.0000651810918852
0.0000656982223623
0.0000661120044322
0.0000678552707809
0.0000678198052926
0.0000684175354556
0.0000688654007720
0.0000699236136385
0.0000704406442421
0.0000713018256360
0.0000712124732832
0.0000721847690236
0.0000729021893802
0.0000735747172806
0.0000734726383819
0.0000736113724145
0.0000742018627004
0.0000751879825051
0.0000751956118886
0.0000760262776850
0.0000765572504013
0.0000771489232384
0.0000763634476476
0.0000778306504956
0.0000778866910174
0.0000782015105538
0.0000789441003653
0.0000796147539519
0.0000799860830420
0.0000805965224098
0.0000812702892711
0.0000814619714291
0.0000817202056142
0.0000821087687847
0.0000821306345073
0.0000825554177151
0.0000834070547723
0.0000842081693913
0.0000837956280551
0.0000844119075689
0.0000849223380774
0.0000851788658094
0.0000849500182249
0.0000854697706290
0.0000857923091482
0.0000862105763030
0.0000863929011648
0.0000863493381179
0.0000869508472608
0.0000872480387141
0.0000870443940605
0.0000884120943425
0.0000820590763338
0.0000833622517810
0.0000836083668560
0.0000849560186775
0.0000850849697699
0.0000866882148863
0.0000871772554779
0.0000877431850900
0.0000886306629013
0.0000894998092168
0.0000899836950432
0.0000911282159631
0.0000916900109860
0.0000920507432624
0.0000928896865358
0.0000924024994873
0.0000928299010036
0.0000932602037223
0.0000936157473270
0.0000941860699352
0.0000946139136985
0.0000949362061546
0.0000946741699601
0.0000944821303334
0.0000954928082516
0.0000957669121839
0.0000960645919555
0.0000961662911147
0.0000965017140520
0.0000965625835989
0.0000972342676144
0.0000974422428589
0.0000981045913917
0.0000981680715233
0.0000987731159731
0.0000991539020483
0.0000998505325810
0.0000995861472327
0.0001006442129658
0.0001011223875582
0.0001010811357225
0.0001024607995824
0.0001027401294717
0.0001029913119038
0.0001030234724913
0.0001036693523750
0.0001033273339827
0.0001039945822786
0.0001038065311545
0.0001039234893150
0.0001053676404970
0.0001056388664370
0.0001065377187648
0.0001060863900496
0.0001061539185687
0.0001072997293037
0.0001074107990579
0.0001075400555504
0.0001079380042650
0.0001081223569222
0.0001079064561731
0.0001085431706990
0.0001092888352655
0.0001097400141047
0.0001099743779363
0.0001107141624389
0.0001100849586669
0.0001108236678161
0.0001122757054544
0.0001124974514469
0.0001126203097513
0.0001132920483098
0.0001147609425857
0.0001143835980515
0.0001148585864534
0.0001154297247373
0.0001160116661190
0.0001162919501565
0.0001164825095386
0.0001168095895799
0.0001173148408743
0.0001181908891408
0.0001191798904243
0.0001188752546131
0.0001193418625395
0.0001205013034222
0.0001197917742515
0.0001211546297032
0.0001212671846370
0.0001224075364555
0.0001218658255038
0.0001224100314775
0.0001235405680843
0.0001239806676630
0.0001241415566771
0.0001244358838152
0.0001254315140514
0.0001253905574531
0.0001266452698614
0.0001270175459815
0.0001269733975092
0.0001281122613306
0.0001282523118655
0.0001299277475165
0.0001294486500790
0.0001303388196648
0.0001315570626452
0.0001306881744372
0.0001319372072636
0.0001319347293430
0.0001332656510640
0.0001333651950454
0.0001336648502696
0.0001344784971981
0.0001342450051956
0.0001342850131099
0.0001344752737335
0.0001348403193694
0.0001353188081583
0.0001349320885780
0.0001354500021791
0.0001352596702779
0.0001360194407772
0.0001358671811739
0.0001361131850879
0.0001368487924362
0.0001377142526858
0.0001387356922876
0.0001385698689141
0.0001393661132570
0.0001397836271997
0.0001394238183934
0.0001404098755739
0.0001403908513333
0.0001396946248787
0.0001399518672449
0.0001407396410775
0.0001409092602066
0.0001403684006724
0.0001412352439974
0.0001418654959091
0.0001414152506561
0.0001422758728655
0.0001431273152215
0.0001432165572118
0.0001427256249678
0.0001435270062026
0.0001436868564684
0.0001435264794689
0.0001442504059590
0.0001452607296584
0.0001447868225867
0.0001448316361809
0.0001453618540532
0.0001460550420834
0.0001452116297717
0.0001454063332786
0.0001457382600735
0.0001455976560639
0.0001459952866276
0.0001467297757817
0.0001471443094124
0.0001465408646744
0.0001470706721361
0.0001468085580194
0.0001461734077165
0.0001471588854980
0.0001464248066868
0.0001473987146215
0.0001471324121765
0.0001478535656731
0.0001481251462552
0.0001478071760226
0.0001477813090484
0.0001477640393610
0.0001486100094658
0.0001481416895314
0.0001487583684560
0.0001500054292306
0.0001485208946122
0.0001497845452386
0.0001495387133924
0.0001490321861360
0.0001488242985874
0.0001489228426802
0.0001488412958495
0.0001488763278970
0.0001487281804584
0.0001488446411745
0.0001485193053513
0.0001486206083489
0.0001489483305364
0.0001495590655949
0.0001490880405398
0.0001492398148432
0.0001495845539437
0.0001491240337267
0.0001491533725851
0.0001494201395374
0.0001489131722025
0.0001491915312809
0.0001497792500926
0.0001496964825123
0.0001496248823673
0.0001499283651028
0.0001497799611350
0.0001492338299356
0.0001495113314548
0.0001495772796831
0.0001491792975215
0.0001489575859631
0.0001489746474589
0.0001487946920834
0.0001487896188822
0.0001488646676592
0.0001490281490150
0.0001490228925555
0.0001489325338732
0.0001487589645748
0.0001482053805774
0.0001477422614705
0.0001485283513944
0.0001483072663875
0.0001481953357512
