0.0000011224477944
0.0000006384273319
0.0000008474313040
0.0000009357843793
0.0000010488077663
0.0000005816351405
0.0000008979977472
0.0000000416579160
0.0000008655121411
0.0000009047014733
0.0000008354201439
0.0000001364951912
-0.0000123729229488
-0.0000278612891415
-0.0000380148035940
-0.0000399188835333
-0.0000389740162311
-0.0000393913889348
-0.0000391244317214
-0.0000393084397532
-0.0000385934898126
-0.0000372358362466
-0.0000376044166009
-0.0000383806146374
-0.0000384821791438
-0.0000364608160369
-0.0000342263547728
-0.0000323868055645
-0.0000300011333479
-0.0000270162676304
-0.0000259841125187
-0.0000240493534752
-0.0000220686133700
-0.0000203086002927
-0.0000188255486388
-0.0000166626999977
-0.0000142026988213
-0.0000122157052893
-0.0000103304194557
-0.0000074231990830
-0.0000073158085994
-0.0000050058332143
-0.0000046801766897
-0.0000011616485120
0.0000006236582785
0.0000011955004513
0.0000044372009651
0.0000046714117794
0.0000063915491582
0.0000077332365520
0.0000090341438167
0.0000102229901739
0.0000113084072599
0.0000146990900755
0.0000139115046114
0.0000163817041347
0.0000185435673449
0.0000190294745568
0.0000196322889724
0.0000218330725966
0.0000232851580093
0.0000253971402893
0.0000270033338250
0.0000288567089685
0.0000297487646688
0.0000298932194452
0.0000317315897231
0.0000329039185135
0.0000345148263000
0.0000362804629417
0.0000365163154351
0.0000386340797550
0.0000402589595212
0.0000415942464986
0.0000427325611671
0.0000429622072880
0.0000441885364831
0.0000451169963955
0.0000467185621787
0.0000491894330836
0.0000494850702496
0.0000512238252536
0.0000510435031478
0.0000540057357799
0.0000548906143530
0.0000572870372478
0.0000580128122223
0.0000596798974015
0.0000601173848719
0.0000623854887449
0.0000646586095927
0.0000631330883113
0.0000651198463732
0.0000665798261587
0.0000663633218631
0.0000693309316847
0.0000708090808996
0.0000729252937299
0.0000737787674767
0.0000753766338743
0.0000768007280164
0.0000763595480468
0.0000789183770410
0.0000807667329867
0.0000815188407748
0.0000828759072021
0.0000837548863773
0.0000861630502866
0.0000884871473374
0.0000897977115164
0.0000906191537362
0.0000916051233267
0.0000938041460855
0.0000949243854119
0.0000970879195786
0.0000987036334284
0.0001006733657457
0.0001032975208487
0.0001048108691252
0.0001073658777434
0.0001086667702782
0.0001098309657502
0.0001117106302286
0.0001147524472018
0.0001145099026389
0.0001184895562000
0.0001196016483068
0.0001210102656006
0.0001234146326136
0.0001255616691263
0.0001267733384302
0.0001283605303456
0.0001320837853947
0.0001331892763879
0.0001356567084949
0.0001372442117219
0.0001392265997212
0.0001405883900742
0.0001417543595088
0.0001450584758777
0.0001461943724993
0.0001475147935180
0.0001499517874734
0.0001519709754666
0.0001544109784891
0.0001565519907648
0.0001598366041260
0.0001614228648042
0.0001619413529841
0.0001653051916915
0.0001666350033876
0.0001689794846428
0.0001721284204062
0.0001754655799471
0.0001788921825474
0.0001822637152302
0.0001868678680396
0.0001904345486718
0.0001956378828711
0.0002013444708377
0.0002057526223039
0.0002108088434269
0.0002138572220019
0.0002156781661929
0.0002221536314237
0.0002271015343754
0.0002299091848814
0.0002350248130662
0.0002367563957990
0.0002438259143380
0.0002471809105328
0.0002517849997333
0.0002559114455366
0.0002597918149890
0.0002640738245423
0.0002672083623930
0.0002716137059835
0.0002759279762150
0.0002805103019110
0.0002845920657404
0.0002884139624810
0.0002920644257252
0.0002940606940423
0.0003006568590196
0.0003040398783771
0.0003090450212380
0.0003117386246307
0.0003159918883879
0.0003212597795105
0.0003240661179971
0.0003281039573891
0.0003332812493488
0.0003351379936054
0.0003396223008027
0.0003459502184649
0.0003485463489606
0.0003526037908540
0.0003562249855773
0.0003619087967308
0.0003657256802322
0.0003697655077844
0.0003750303117423
0.0003809500309189
0.0004094414675312
0.0004248431499663
0.0004316316934398
0.0004366036893647
0.0004412701702491
0.0004472271313465
0.0004505111510096
0.0004560920819860
0.0004618109729608
0.0004667434019416
0.0004697499597387
0.0004754416003519
0.0004810990119824
0.0004845857686010
0.0004900310017952
0.0004939056694895
0.0005007383131213
0.0005060512580891
0.0005089514175355
0.0005142963334245
0.0005167230572157
0.0005233190558599
0.0005285979030758
0.0005345513886045
0.0005378225025356
0.0005431560909965
0.0005466076302437
0.0005505866256455
0.0005552983395604
0.0005614167902161
0.0005658048701819
0.0005707120466654
0.0005749186737318
0.0005802573993465
0.0005845925785092
0.0005892328997515
0.0005952121015248
0.0005990731271408
0.0006024925953725
0.0006091832433707
0.0006129349115567
0.0006160285220560
0.0006208324340212
0.0006260373565752
0.0006305038780259
0.0006352718134776
0.0006393213508014
0.0006447693319996
0.0006492605006278
0.0006530737257691
0.0006581438989753
0.0006636014420918
0.0006679007670175
0.0006739347930081
0.0006792146530133
0.0006810521518117
0.0006883953232858
0.0006926895572311
0.0006971292391553
0.0007010427897505
0.0007057386632903
0.0007111069088485
0.0007162291842714
0.0007209046113261
0.0007251020695483
0.0007304473946466
0.0007348793898152
0.0007402786133915
0.0007454117099233
