0.0000000221724248
-0.0000004178947119
-0.0000003452446945
0.0000003107743812
0.0000000000101959
-0.0000000216960321
0.0000000777824157
-0.0000004808326914
-0.0000002728400527
-0.0000004915299070
-0.0000001533380876
-0.0000007210673786
-0.0000044964828333
-0.0000089896152908
-0.0000114835571660
-0.0000111011040218
-0.0000112408114619
-0.0000113518856104
-0.0000113308186212
-0.0000110115328299
-0.0000111442047244
-0.0000113696183328
-0.0000115151907306
-0.0000107688186292
-0.0000111948057571
-0.0000103020699410
-0.0000103188580748
-0.0000106544279394
-0.0000108529638943
-0.0000093542696448
-0.0000098508752023
-0.0000088912413505
-0.0000089627180648
-0.0000082237647931
-0.0000076348387757
-0.0000075028732836
-0.0000070180820804
-0.0000073590938769
-0.0000073761355280
-0.0000065008413174
-0.0000058397341092
-0.0000058490252315
-0.0000055670966759
-0.0000054263534094
-0.0000057881487865
-0.0000051498622879
-0.0000047756454153
-0.0000047369012712
-0.0000048186729449
-0.0000046401912834
-0.0000042925096047
-0.0000043124411158
-0.0000041675584413
-0.0000036900749302
-0.0000042690125585
-0.0000036721889922
-0.0000029422760929
-0.0000026253572538
-0.0000027089982310
-0.0000021084746691
-0.0000019890771306
-0.0000016729709362
-0.0000015072053537
-0.0000009761649308
-0.0000004758684850
-0.0000003498666070
-0.0000001804508291
0.0000003340592264
0.0000002371420437
0.0000002560334781
0.0000006616947480
0.0000008765434807
0.0000012679191427
0.0000023058672087
0.0000020235404613
0.0000026713074526
0.0000028046827402
0.0000018945081370
0.0000028552085282
0.0000028135194818
0.0000030837068169
0.0000032242178096
0.0000035189511474
0.0000036645019417
0.0000037418511585
0.0000036443055279
0.0000032033583156
0.0000040933348990
0.0000036605539713
0.0000041920430256
0.0000043880793845
0.0000038063336666
0.0000042628961109
0.0000044005405213
0.0000035272117928
0.0000037981555686
0.0000042841991899
0.0000045050516505
0.0000048910259042
0.0000054523254896
0.0000050008518962
0.0000052053545836
0.0000052209866663
0.0000060172486280
0.0000061891165122
0.0000067886207892
0.0000065769946790
0.0000075645096068
0.0000076680159592
0.0000065390477982
0.0000071609538668
0.0000068417583178
0.0000062841582256
0.0000073081212559
0.0000076343605403
0.0000072690209172
0.0000075161217117
0.0000076857999200
0.0000073024284245
0.0000078398956397
0.0000073155344565
0.0000077197791283
0.0000074528872404
0.0000083133787582
0.0000082705724938
0.0000079012142480
0.0000080416883825
0.0000077469391021
0.0000080802323754
0.0000079027469142
0.0000080509426446
0.0000093143571611
0.0000089290575111
0.0000090728574334
0.0000091871194197
0.0000097920506029
0.0000093639386556
0.0000098858726457
0.0000099024335893
0.0000095724206638
0.0000099239401041
0.0000107158977240
0.0000103869613025
0.0000094717670645
0.0000101959611348
0.0000110327045225
0.0000109058901327
0.0000116737777461
0.0000117299143672
0.0000122336649566
0.0000120386280547
0.0000112053809033
0.0000124747008545
0.0000121812192771
0.0000122893016664
0.0000128343176068
0.0000134872109828
0.0000130775063842
0.0000136840463921
0.0000138018953989
0.0000135974053537
0.0000141089764109
0.0000142413689813
0.0000146676937544
0.0000148847370887
0.0000150132481665
0.0000150211701607
0.0000147550051962
0.0000163261205564
0.0000161320332700
0.0000166156547742
0.0000168492720279
0.0000166710338606
0.0000167091237448
0.0000176820604530
0.0000177526300588
0.0000174991513769
0.0000181387651915
0.0000178599839646
0.0000183340215572
0.0000190695177199
0.0000188690301152
0.0000197681429352
0.0000198287290808
0.0000202190462456
0.0000200504912695
0.0000211908722593
0.0000210222188368
0.0000210052968899
0.0000217806629121
0.0000214206951957
0.0000215494214318
0.0000221692067640
0.0000221854780838
0.0000221045568780
0.0000221295925502
0.0000225284978443
0.0000230008906876
0.0000231492674698
0.0000233461622379
0.0000240325298050
0.0000242036305361
0.0000251103454323
0.0000253280721411
0.0000250353136256
0.0000255879058270
0.0000254645259384
0.0000257053993035
0.0000261597209382
0.0000264052426426
0.0000265452383562
0.0000265285069164
0.0000268180332601
0.0000274696614429
0.0000273024158266
0.0000270296821890
0.0000276349662343
0.0000279477443630
0.0000282384216135
0.0000292046022778
0.0000293635141447
0.0000295657425501
0.0000299040920063
0.0000297800553292
0.0000306459953760
0.0000314496685876
0.0000313194756573
0.0000304898314276
0.0000316876104164
0.0000318095447169
0.0000325388354502
0.0000328093486692
0.0000326146780267
0.0000332839022320
0.0000341293918349
0.0000341228879023
0.0000337501181312
0.0000342474866574
0.0000332782812645
0.0000341508637729
0.0000346216838413
0.0000340342629254
0.0000352227801349
0.0000356059539660
0.0000357410514229
0.0000361338296809
0.0000363230304530
0.0000363618911206
0.0000368422003262
0.0000367619601826
0.0000373557327193
0.0000373820653798
0.0000378308190865
0.0000386969780642
0.0000392130495176
0.0000393296484762
0.0000397049014071
0.0000408496867825
0.0000407088686282
0.0000413391923031
0.0000418566947192
0.0000408682855109
0.0000418665148168
0.0000420003743421
0.0000425200119407
0.0000426816137489
0.0000423124985764
0.0000427167767717
0.0000436080702852
0.0000430741177729
0.0000436119345748
0.0000437631031473
0.0000434384339825
0.0000441676860854
0.0000440313742972
0.0000435884627218
0.0000445694386597
0.0000450021898338
0.0000453529472688
0.0000453934365434
0.0000459511970270
0.0000468434106538
0.0000469759979921
0.0000476436035799
0.0000477389843860
0.0000480077115710
0.0000473450291276
0.0000476761655981
0.0000479008190696
0.0000479942025808
0.0000478600073791
0.0000486408428079
0.0000480462634303
0.0000487600849125
0.0000492940674782
0.0000491611605833
0.0000495244797998
0.0000505619424711
0.0000501489974034
0.0000501675114982
0.0000505697487766
0.0000508755684030
0.0000516894595030
0.0000529890097157
0.0000527513053215
0.0000531809471843
0.0000530799026008
0.0000543400586465
0.0000545489381102
0.0000545197649943
0.0000545535379956
0.0000546368970244
0.0000542418870904
0.0000552144407513
0.0000553366543248
0.0000555658564316
0.0000552088590930
0.0000559893609185
0.0000559918270823
0.0000563396867483
0.0000568903577047
0.0000563883138577
0.0000572253651936
0.0000578184582034
0.0000580182736168
0.0000576819842514
0.0000583061938280
0.0000583674093287
0.0000588418734606
0.0000591857148180
0.0000590695114293
0.0000595820599547
0.0000593826601930
0.0000592416886881
0.0000597031349969
0.0000606174054122
0.0000601706689982
0.0000600916847544
0.0000606770478315
0.0000608145901250
0.0000610978537047
0.0000616001917185
0.0000624649972715
0.0000623606639091
0.0000629942346622
0.0000632078393871
0.0000638297893937
0.0000635967714484
0.0000637085016831
0.0000648400127446
0.0000642647566797
0.0000639268479874
0.0000648263892820
0.0000644859180091
0.0000646256187429
0.0000656893734358
0.0000650448116606
0.0000659407074086
0.0000670763126830
0.0000664345956480
0.0000665465261340
0.0000673185747388
0.0000671880297501
0.0000675879300485
0.0000678453641875
0.0000678913984386
0.0000680593218744
0.0000676974385211
0.0000684656513424
0.0000693232510060
0.0000687021765700
0.0000688851543005
0.0000695616463332
0.0000701839197499
0.0000698335763297
0.0000708166891368
0.0000711942908997
0.0000714209333167
0.0000717721471815
0.0000716474465322
0.0000720911375892
0.0000719669887296
0.0000723979471404
0.0000720854126081
0.0000728419096643
0.0000727923376255
0.0000732915254334
0.0000734863613133
0.0000734753015999
0.0000742003217298
0.0000739176008543
0.0000741561018723
0.0000748285828475
0.0000748998264125
0.0000754390945890
0.0000758641225586
0.0000762132629850
0.0000764647891265
0.0000765716967435
0.0000766416185401
0.0000766456160578
0.0000771298885293
0.0000772261396144
0.0000773952703833
0.0000778183436950
0.0000777494323263
0.0000780974091946
0.0000782980158860
0.0000794197403092
0.0000790145990503
0.0000785630786725
0.0000787552556467
0.0000790101199121
0.0000798628910957
0.0000803050124285
0.0000807623618418
0.0000798319324975
0.0000808565996343
0.0000807521147199
0.0000814071423468
0.0000810804127608
0.0000813556502546
0.0000819103712767
0.0000826858969565
0.0000826672024729
0.0000828982642698
0.0000829930351269
0.0000827376664077
0.0000833041024227
0.0000836658467587
0.0000839087129482
0.0000842056402740
0.0000847330145204
0.0000847284303318
0.0000848816523484
0.0000853028511948
0.0000857897484775
0.0000864349369048
0.0000871265833183
0.0000869066532191
0.0000877607871770
0.0000878687739683
0.0000878186195339
0.0000881105230324
0.0000880022341795
0.0000883496665482
0.0000883011970198
0.0000888994284256
0.0000889590991988
0.0000889991639033
0.0000890481165905
0.0000891583012249
0.0000900837548983
0.0000896271107891
0.0000899131137367
0.0000902613513016
0.0000904391163896
0.0000906319416970
0.0000911534285780
0.0000914797750558
0.0000909867601316
0.0000918359184546
0.0000928617515200
0.0000930133727436
0.0000930339680030
0.0000930511432771
0.0000936548597696
0.0000943978728432
0.0000943864844878
0.0000939830279904
0.0000947931133841
0.0000955919072455
0.0000945754629952
0.0000956541749824
0.0000956252031299
0.0000968356959915
0.0000970854874307
0.0000967277942250
0.0000970754317772
0.0000973186761041
0.0000971036358644
0.0000974167955973
0.0000978304281063
0.0000982967291814
0.0000981112109681
0.0000980368581702
0.0000972810583734
0.0000979517500868
0.0000972644650181
0.0000970927169237
0.0000980796401629
0.0000980759064429
0.0000988405214400
0.0000995810652080
0.0000996326814651
0.0000995487343772
0.0000996457294853
0.0000983076008280
0.0000988913347286
0.0000996449574478
0.0000995765251137
0.0001000886313065
0.0001004888180678
0.0001001476600510
0.0001010176513267
0.0001002141643671
0.0001005217661471
0.0001006949375648
0.0001015345351739
0.0001018691185089
0.0001024072399018
0.0001024253874126
0.0001028846342921
0.0001026330498013
0.0001026317747781
0.0001027397443309
0.0001027477513206
0.0001023885711375
0.0001025634742676
0.0001028056392352
0.0001034463129200
0.0001036170748498
0.0001031477439724
0.0001041430429158
0.0001038996125071
0.0001037962970641
0.0001045802097265
0.0001049197903709
0.0001043334340766
0.0001043874621294
0.0001047358621952
0.0001054216840557
0.0001053188459679
0.0001056907993931
0.0001055701664164
0.0001064807071751
0.0001059624850132
0.0001058750548649
0.0001062898416080
0.0001059827011615
0.0001064498009149
0.0001056876070434
0.0001059315140617
0.0001064329278908
0.0001068707729187
0.0001062402593413
0.0001065900541712
0.0001066686669880
0.0001064865505950
0.0001072591416631
0.0001072074686440
0.0001079579169779
0.0001076892119646
0.0001068948704166
0.0001076330035253
0.0001079015844820
0.0001074244623003
0.0001077810956533
0.0001083570197009
0.0001078641110469
0.0001086149471512
0.0001077237123116
0.0001083107241959
0.0001086854306138
0.0001090527542875
0.0001088970945531
0.0001090075893474
0.0001088176226127
0.0001092459800041
0.0001099037212782
0.0001093167056517
0.0001102386566206
0.0001099696434202
0.0001094896687925
0.0001102142745293
0.0001103934654371
0.0001110395020903
0.0001114259365502
0.0001108913558137
0.0001111000792269
0.0001115227645044
0.0001113119327168
0.0001113238956511
0.0001111518598880
0.0001108443179157
0.0001112372567631
0.0001119100353924
0.0001114836815529
0.0001113591006591
0.0001115806517560
0.0001116912976854
0.0001119254347574
0.0001120718125774
0.0001117243349734
0.0001117792391012
0.0001127648281693
0.0001124639704369
0.0001137916533347
0.0001129030331722
0.0001128031669864
0.0001126670849532
0.0001125673756278
0.0001127001240556
0.0001133654259257
0.0001132206111826
0.0001135646478197
0.0001137846933724
0.0001133130075876
0.0001137770376675
0.0001135124328703
0.0001128656597929
0.0001136957025227
0.0001136141540407
0.0001138087066028
0.0001146484363883
0.0001136527703342
0.0001138232271216
0.0001144309800947
0.0001139516204384
0.0001139245174787
0.0001132643557555
0.0001133885270768
0.0001126640398578
0.0001139051538221
0.0001135494680636
0.0001138787820471
0.0001138952171038
0.0001132633374285
0.0001134517849246
0.0001144116718729
0.0001140350315782
0.0001152181261397
0.0001147503759390
0.0001141376655243
0.0001144485046670
0.0001138679281813
0.0001137501518443
0.0001141248195864
0.0001140405878749
0.0001140502634241
0.0001146392418170
0.0001141565000571
0.0001151355982058
0.0001149972459108
0.0001143824526099
0.0001142036484906
0.0001141284387022
0.0001140883911486
0.0001142761509556
0.0001137636106158
0.0001137127668583
0.0001139558055375
0.0001137131055580
0.0001136842273214
0.0001141123303808
0.0001143079717862
0.0001142848052740
0.0001144827396232
0.0001143404491372
0.0001146352655723
0.0001151555870845
0.0001142960872094
0.0001151214007410
0.0001152095593416
0.0001144139379047
0.0001146294487327
0.0001153762652713
0.0001149027126786
0.0001150815891078
0.0001160535352302
0.0001153784729334
0.0001159356969644
0.0001151029033247
0.0001137273964224
0.0001152625036866
0.0001145594852323
0.0001151412239771
0.0001148757005930
0.0001147434295424
0.0001152853982100
0.0001148520599412
0.0001148364960695
0.0001151850591337
0.0001150753153639
0.0001156036351933
0.0001159560618151
