0.0000000552426010
-0.0000004523007889
-0.0000005665972269
-0.0000003454989467
-0.0000004697361221
-0.0000002353747025
-0.0000002929101397
0.0000000061994118
0.0000003076106716
-0.0000005298771170
-0.0000015569921594
-0.0000063216503668
-0.0000087673779037
-0.0000098720130872
-0.0000102339787293
-0.0000104473812046
-0.0000104307198517
-0.0000102856905748
-0.0000103596834182
-0.0000101162386966
-0.0000101719395375
-0.0000107117907647
-0.0000102171503097
-0.0000098852459513
-0.0000097495036290
-0.0000093549114825
-0.0000088149997516
-0.0000081057051035
-0.0000083732169865
-0.0000073566477944
-0.0000077750732317
-0.0000070624187058
-0.0000066697701960
-0.0000070542846957
-0.0000067728838763
-0.0000059676846003
-0.0000064156562822
-0.0000057260671676
-0.0000058071507452
-0.0000058229340287
-0.0000051814015975
-0.0000052392759993
-0.0000047454843866
-0.0000048054820592
-0.0000047349108013
-0.0000045674123525
-0.0000036085710805
-0.0000040100984626
-0.0000034352730554
-0.0000028541871570
-0.0000029874709800
-0.0000027441455636
-0.0000024700495148
-0.0000021621519678
-0.0000017404871515
-0.0000011679451227
-0.0000012456049202
-0.0000010668172199
-0.0000005952050993
-0.0000006372415593
-0.0000005413197435
-0.0000005032229842
-0.0000003641776377
0.0000000894304334
0.0000003492349933
0.0000004554690906
0.0000008726543322
0.0000001443937674
0.0000006296920842
0.0000007788699098
0.0000010567745475
0.0000018324751518
0.0000019218889687
0.0000015569611466
0.0000018523446950
0.0000017458373884
0.0000023546716281
0.0000022914954013
0.0000030975816293
0.0000034396278016
0.0000032177755068
0.0000027733035843
0.0000035586218311
0.0000031995474152
0.0000031542796660
0.0000037958933948
0.0000035639688967
0.0000038580303478
0.0000039196926025
0.0000043271196364
0.0000042153787989
0.0000044461556984
0.0000044218791251
0.0000043350610093
0.0000040841359133
0.0000045832055566
0.0000047007299358
0.0000046231052846
0.0000056618446141
0.0000054009980296
0.0000052555865286
0.0000057214536221
0.0000054665433790
0.0000060055060967
0.0000058442731520
0.0000058891397794
0.0000069477887188
0.0000059012917475
0.0000064477728372
0.0000062944307765
0.0000065228610678
0.0000069091541286
0.0000063611751028
0.0000071138601772
0.0000073083954404
0.0000079898174191
0.0000077542114430
0.0000077459494577
0.0000081577533489
0.0000089225925272
0.0000090588745140
0.0000088981406893
0.0000090231667324
0.0000090566102647
0.0000091607691698
0.0000095638147751
0.0000096359791931
0.0000098288688787
0.0000093985755816
0.0000105845501368
0.0000108860235882
0.0000107713644145
0.0000113123117363
0.0000110854195672
0.0000114524903275
0.0000116712614942
0.0000117129573591
0.0000117696645078
0.0000121464688840
0.0000121468642069
0.0000122097891168
0.0000120571051584
0.0000124425895436
0.0000127753843988
0.0000133757431054
0.0000132848538943
0.0000135729425702
0.0000137478887381
0.0000138833010192
0.0000142888662771
0.0000140571196893
0.0000146903228044
0.0000152203191561
0.0000154956039572
0.0000155516132088
0.0000159984225451
0.0000163451396032
0.0000162268221776
0.0000159753770881
0.0000156100727379
0.0000165540576945
0.0000160307366349
0.0000170304526328
0.0000175514039656
0.0000171272138975
0.0000167546960962
0.0000178291019931
0.0000180350192329
0.0000185245902980
0.0000185796082888
0.0000184256957993
0.0000183432830500
0.0000184993454578
0.0000189572610152
0.0000195821785058
0.0000193100346849
0.0000195527334523
0.0000202902822961
0.0000208082482694
0.0000202862130764
0.0000207265637041
0.0000214901681321
0.0000215093510695
0.0000214665151412
0.0000223977164294
0.0000221841962099
0.0000230273758196
0.0000223788831270
0.0000232086471169
0.0000235433335146
0.0000235612467744
0.0000235575381601
0.0000238324763240
0.0000242263637373
0.0000247260069982
0.0000250148061806
0.0000248877124439
0.0000253887081802
0.0000253577992538
0.0000256268825623
0.0000256308236157
0.0000258086687259
0.0000264654234508
0.0000260927207933
0.0000268067147029
0.0000266144650611
0.0000281591242062
0.0000277733988011
0.0000279182885626
0.0000287852962932
0.0000284697710934
0.0000290813780926
0.0000291530313524
0.0000298015615944
0.0000295449195103
0.0000299591730795
0.0000300742470269
0.0000303746587706
0.0000309444720126
0.0000316244405568
0.0000313310685169
0.0000310994023751
0.0000314270895082
0.0000327091878405
0.0000326211028957
0.0000323204806863
0.0000329126881214
0.0000329855693953
0.0000329567787403
0.0000335629863193
0.0000341431252327
0.0000346358986796
0.0000343731648930
0.0000342426111852
0.0000340074104481
0.0000352742357516
0.0000361729800454
0.0000358974524879
0.0000360083995629
0.0000358858371109
0.0000365316914639
0.0000373623340692
0.0000370309048084
0.0000376098241170
0.0000381173058700
0.0000381840910523
0.0000382955374558
0.0000387286222038
0.0000388125073598
0.0000398159857534
0.0000391762242213
0.0000398355571351
0.0000400356245568
0.0000399539525737
0.0000406017300592
0.0000414198735476
0.0000410443162265
0.0000413947004627
0.0000418471160502
0.0000418570582291
0.0000423985798014
0.0000425431793462
0.0000426568539482
0.0000430531539905
0.0000433610209343
0.0000430816279815
0.0000433649541480
0.0000444817929488
0.0000446596811379
0.0000445062815396
0.0000442831112541
0.0000444204327226
0.0000453104877697
0.0000450334121553
0.0000461582103312
0.0000466213356792
0.0000465940058042
0.0000464886536222
0.0000473971502001
0.0000472864238678
0.0000477266033406
0.0000480557340171
0.0000481816459856
0.0000488903284326
0.0000487988138210
0.0000495904835317
0.0000497902463866
0.0000504336422882
0.0000503294726705
0.0000508329554598
0.0000512708465425
0.0000509739154720
0.0000512053894989
0.0000515253133776
0.0000518185511727
0.0000522124428229
0.0000517950488420
0.0000524219344938
0.0000530520377120
0.0000524246940336
0.0000534757113376
0.0000535718674036
0.0000539574566518
0.0000536805842815
0.0000546692279518
0.0000548483955272
0.0000554939395136
0.0000554061849835
0.0000558949507909
0.0000561887029911
0.0000558265579168
0.0000566063721217
0.0000577212053497
0.0000570614973786
0.0000568451116768
0.0000568783644216
0.0000572333615738
0.0000574334136647
0.0000581030270850
0.0000583781278405
0.0000587313151865
0.0000588247150854
0.0000594210762811
0.0000595092030763
0.0000594291991585
0.0000599617986132
0.0000606852982480
0.0000606074473480
0.0000608407978444
0.0000614739940896
0.0000612411198613
0.0000614562974380
0.0000620241802483
0.0000626574344137
0.0000634169583010
0.0000630877897162
0.0000636527349693
0.0000637784900305
0.0000641752691843
0.0000643842391975
0.0000649349603519
0.0000650438759348
0.0000653719329721
0.0000644121785852
0.0000650836257404
0.0000659724679442
0.0000657819596814
0.0000665050240701
0.0000669652877984
0.0000670562872180
0.0000673516955211
0.0000668599167575
0.0000676292330964
0.0000676997985534
0.0000672982869776
0.0000673768878434
0.0000687882353910
0.0000678582364878
0.0000685558067986
0.0000683357336697
0.0000689713978206
0.0000695766501754
0.0000698270611678
0.0000697154364259
0.0000702909500835
0.0000700925421400
0.0000704794628461
0.0000703782528138
0.0000716453600264
0.0000716986570964
0.0000721446626408
0.0000723379341561
0.0000722431509736
0.0000730305624904
0.0000729639348096
0.0000729012974803
0.0000732223477856
0.0000733787123739
0.0000740518678148
0.0000742274247540
0.0000743757137009
0.0000751330297820
0.0000755843968475
0.0000756249476932
0.0000764923179367
0.0000765045424952
0.0000765567011403
0.0000773018264021
0.0000780191776816
0.0000777091092478
0.0000784324266042
0.0000783804030544
0.0000780933739517
0.0000788696886975
0.0000785042255780
0.0000786812216441
0.0000795838375414
0.0000791259945206
0.0000800634347870
0.0000796492039595
0.0000802574845155
0.0000804033969003
0.0000806890368064
0.0000812171382494
0.0000815711377204
0.0000811069810604
0.0000821311606638
0.0000818823167887
0.0000825017931975
0.0000826967282286
0.0000826195286218
0.0000830681744669
0.0000834831991898
0.0000834163513497
0.0000833153326534
0.0000839355443696
0.0000835930826981
0.0000843740429680
0.0000844524126406
0.0000852021702338
0.0000856811929440
0.0000858337139263
0.0000864334979824
0.0000858413493484
0.0000864599156857
0.0000869418270357
0.0000875765099099
0.0000867367506500
0.0000868254093238
0.0000876488370312
0.0000876977299722
0.0000876306370062
0.0000880057008860
0.0000879965291320
0.0000883180441904
0.0000891360988427
0.0000891966345608
0.0000897555766725
0.0000896236732057
0.0000896135460927
0.0000902449192739
0.0000901195218713
0.0000904380036663
0.0000907701516448
0.0000910606235590
0.0000912798665070
0.0000914412363408
0.0000913910205965
0.0000913439189514
0.0000925036262514
0.0000920391764432
0.0000924516751317
0.0000927410539461
0.0000926402328081
0.0000930310543626
0.0000935461118161
0.0000933851413556
0.0000940993401609
0.0000943652948209
0.0000939660938228
0.0000947777371767
0.0000948145506402
0.0000951610196636
0.0000954003896714
0.0000954273388382
0.0000947925721725
0.0000949904057152
0.0000956408159140
0.0000957273754755
0.0000958217373029
0.0000963909320727
0.0000966197257551
0.0000969134685464
0.0000970345347854
0.0000975095942094
0.0000972631816228
0.0000977539377306
0.0000982154419543
0.0000980425918149
0.0000985424983018
0.0000986658462389
0.0000985604044474
0.0000987702331572
0.0000984929070752
0.0000992143735771
0.0000997030569211
0.0000997765698837
0.0000998413794097
0.0000995148702107
0.0001000492842299
0.0001004207904999
0.0001006350722631
0.0001009495403250
0.0001010264009047
0.0001014130974735
0.0001008280676786
0.0001012664197213
0.0001014778636363
0.0001013525838473
0.0001010061973573
0.0001015319759306
0.0001012872628264
0.0001021794252222
0.0001018522006705
0.0001024813527841
0.0001024764909952
0.0001027524421435
0.0001026338132635
0.0001030242357747
0.0001037334081268
0.0001043826552662
0.0001044124296485
0.0001044688096923
0.0001044802396033
0.0001041456552953
0.0001049885893451
0.0001046638811779
0.0001046066338119
0.0001051984954647
0.0001050684247161
0.0001052344830024
0.0001054316716311
0.0001057334543884
0.0001059471257332
0.0001056444884019
0.0001064534594999
0.0001067407728328
0.0001077400122485
0.0001074367600147
0.0001074062405889
0.0001080004484626
0.0001072127910648
0.0001074012691604
0.0001081756403032
0.0001079771391651
0.0001082871995757
0.0001087206296240
0.0001086280550579
0.0001084677018120
0.0001093783464712
0.0001087277984658
0.0001093645760938
0.0001095144666307
0.0001095307424968
0.0001101700281620
0.0001090010626080
0.0001094760509264
0.0001100128679369
0.0001105221232442
0.0001099185893653
0.0001103285513515
0.0001100837880467
0.0001098419248999
0.0001102436457029
0.0001106537692635
0.0001116276820182
0.0001119564176602
0.0001118580317088
0.0001122108408827
0.0001123434643598
0.0001120969988384
0.0001129317440384
0.0001130797629860
0.0001125522943354
0.0001134228431151
0.0001128131809521
0.0001127084861742
0.0001133911943742
0.0001134351051792
0.0001134051825658
0.0001144026253532
0.0001131003553990
0.0001135647484713
0.0001141451767396
0.0001136473097033
0.0001139731666129
0.0001146487293430
0.0001138056511853
0.0001149055066306
0.0001146001575819
0.0001143473853905
0.0001145059466151
0.0001147850821253
0.0001148003924375
0.0001148536592083
0.0001151667878158
0.0001150341765430
0.0001144954075330
0.0001152189154241
0.0001154043344207
0.0001157020793614
0.0001151540312375
0.0001159298749763
0.0001157676125734
0.0001160772542185
0.0001157824755635
0.0001159854323925
0.0001161544192450
0.0001166076445472
0.0001168028482344
0.0001169769591892
0.0001179492327523
0.0001169280029528
0.0001173967541932
0.0001178821140285
0.0001171797571545
0.0001172659195766
0.0001177860971225
0.0001169702070212
0.0001172537906875
0.0001171627347678
0.0001169185251393
0.0001174412073342
0.0001176283128167
0.0001173899035913
0.0001172864544673
0.0001182442670799
0.0001175686513525
0.0001194500540477
0.0001186069953065
0.0001182981883483
0.0001184002041475
0.0001183946023317
0.0001184919231249
0.0001188512407550
0.0001188977120490
0.0001185651596300
0.0001191513797151
0.0001190950137754
0.0001190382472400
0.0001194217081552
0.0001193128228551
0.0001200593090066
0.0001200283175178
0.0001203350264087
0.0001201503964715
0.0001200481350875
0.0001194112432408
0.0001198640497893
0.0001200458219321
0.0001198521139978
0.0001205305751381
0.0001206216090571
0.0001201105851468
0.0001207775980412
0.0001197865338830
0.0001199463168776
0.0001206210641176
0.0001203000963990
0.0001203196576320
0.0001201960026945
0.0001207909957991
0.0001216474933159
0.0001216033980251
0.0001208598393038
0.0001209283536124
0.0001214370589388
0.0001209046858315
0.0001213850197549
0.0001214146175496
0.0001213130449465
0.0001215810796746
0.0001204755423431
0.0001204815405609
0.0001208697762331
0.0001208443438299
0.0001217654600117
0.0001216038422859
0.0001211845298979
0.0001214474112936
0.0001223526610121
0.0001216078717650
0.0001224276835142
0.0001218229750470
0.0001216284044658
0.0001215862532164
0.0001215990168626
0.0001220685644245
0.0001222691085699
0.0001219434428727
0.0001214977707411
0.0001222503813711
0.0001217923038529
0.0001217675248975
0.0001219014306965
0.0001216613978426
0.0001221728063841
0.0001225973690567
0.0001217441661511
0.0001217697111624
0.0001224073794177
0.0001214391181490
0.0001219861278176
0.0001221176243701
0.0001222294002995
0.0001220678170043
0.0001215788028322
0.0001222415933920
0.0001225252823806
0.0001220267316354
0.0001218349484748
0.0001218512096370
0.0001221678464400
0.0001222858339178
0.0001219059987468
0.0001220961495459
0.0001219217073654
0.0001216954972418
0.0001221576812460
0.0001223276219695
0.0001227833321047
0.0001228314482045
0.0001225029401527
0.0001223738331413
0.0001229348732439
0.0001222344367921
0.0001230470550650
0.0001232722354016
0.0001222362440693
0.0001221616399157
0.0001221826971647
0.0001221519388022
0.0001218642324671
0.0001220347586981
0.0001218838576759
0.0001216196214602
0.0001222421602502
0.0001219356970239
0.0001220214352074
