0.0000000314246932
-0.0000001529691906
0.0000011771364680
0.0000003465220931
-0.0000003551297445
0.0000001568937685
0.0000010274645675
0.0000014899245015
0.0000011832008926
0.0000005658814525
0.0000017219992702
0.0000011242110289
-0.0000070512029437
-0.0000216896128549
-0.0000321673089530
-0.0000344499157180
-0.0000339129986648
-0.0000334002635166
-0.0000332581494376
-0.0000323967803529
-0.0000334062228807
-0.0000335835501147
-0.0000335113498375
-0.0000338517015922
-0.0000333248380031
-0.0000320013843114
-0.0000294392735512
-0.0000282059641860
-0.0000246990620625
-0.0000228866893619
-0.0000216299586667
-0.0000184864970763
-0.0000156086126599
-0.0000140329960571
-0.0000119690621801
-0.0000102769936543
-0.0000073446666713
-0.0000063263279635
-0.0000040514662871
-0.0000022980443494
-0.0000012123740982
0.0000000547278123
0.0000023235263690
0.0000048949932125
0.0000052182763111
0.0000065256811188
0.0000076976923897
0.0000097633685359
0.0000109546263898
0.0000134305663180
0.0000148181828338
0.0000154394534316
0.0000174081863765
0.0000187174483881
0.0000204869805363
0.0000204314522998
0.0000223413881228
0.0000241759366983
0.0000246023209522
0.0000273741500536
0.0000292462624775
0.0000295278783478
0.0000306523171068
0.0000322886394264
0.0000334176852502
0.0000342956080905
0.0000360283049462
0.0000363330137700
0.0000385198920684
0.0000393821745720
0.0000409375589603
0.0000427418202440
0.0000441653344174
0.0000449214967777
0.0000461216599269
0.0000483024138311
0.0000488948966378
0.0000505646371828
0.0000520473796245
0.0000530654275615
0.0000538548000497
0.0000548186800629
0.0000571927730521
0.0000579108298819
0.0000589849977772
0.0000602164961624
0.0000611462993287
0.0000618009972827
0.0000621432141690
0.0000641127819982
0.0000653706263163
0.0000662145717314
0.0000676815388112
0.0000701737135316
0.0000719353429569
0.0000739081575490
0.0000760522616574
0.0000763865735326
0.0000776089980672
0.0000807746339930
0.0000809576938596
0.0000820399934218
0.0000848572646627
0.0000856799212873
0.0000873531243457
0.0000886160987763
0.0000915666331337
0.0000923606619314
0.0000940758199660
0.0000969090001193
0.0000969594686889
0.0000990601885966
0.0001007477499876
0.0001009723479874
0.0001020098522193
0.0001054222637617
0.0001081964564484
0.0001078621793656
0.0001122712452243
0.0001129739364245
0.0001152607330403
0.0001172284605804
0.0001187796202115
0.0001200058204093
0.0001221012490849
0.0001246637792341
0.0001275305634633
0.0001264190198596
0.0001307766597201
0.0001318419082733
0.0001332042124454
0.0001358046830679
0.0001370702735257
0.0001388563108883
0.0001405351284231
0.0001442388899293
0.0001452409362732
0.0001469534381472
0.0001498345352209
0.0001517208665440
0.0001542999797651
0.0001561200955465
0.0001594320680383
0.0001614358403277
0.0001642327126085
0.0001672593158147
0.0001690011210504
0.0001715057444183
0.0001730049533858
0.0001755963482424
0.0001801030093028
0.0001829771819432
0.0001913807935836
0.0001939705614550
0.0001987563590418
0.0002032445036170
0.0002082126248721
0.0002130710812311
0.0002163309988044
0.0002218893565435
0.0002252561382259
0.0002298948084177
0.0002356473523574
0.0002370817216670
0.0002420457387049
0.0002450725866863
0.0002494243435226
0.0002541652508006
0.0002581277916766
0.0002618624436603
0.0002659018714252
0.0002682321236652
0.0002745695656728
0.0002793690845997
0.0002826497443027
0.0002871437638716
0.0002906614698850
0.0002958913964525
0.0002985863659071
0.0003025832109127
0.0003058267284058
0.0003122075477502
0.0003148348126202
0.0003186862657990
0.0003241430076536
0.0003264987639150
0.0003330938791022
0.0003359366715578
0.0003415561826075
0.0003445337920128
0.0003500038948674
0.0003555540597845
0.0003631594213704
0.0003954270883940
0.0004048583007681
0.0004107454631591
0.0004174425435444
0.0004223662486633
0.0004286174393002
0.0004323898690221
0.0004373346256632
0.0004429854764877
0.0004443898298354
0.0004504643355522
0.0004550672732911
0.0004608918059089
0.0004633187938758
0.0004684725745169
0.0004743857735101
0.0004773220666649
0.0004845104342829
