0.0000002213170062
0.0000007338802329
0.0000002525926695
0.0000002440875417
-0.0000010875364380
0.0000000541270817
0.0000004688574199
-0.0000014743824499
-0.0000004760601308
-0.0000002006157095
-0.0000009162831272
-0.0000005979288910
-0.0000127172463319
-0.0000366241953147
-0.0000544405627046
-0.0000607078130317
-0.0000603561331768
-0.0000603228661184
-0.0000608517031085
-0.0000617988813642
-0.0000608721646137
-0.0000612538819689
-0.0000615640999368
-0.0000605478792717
-0.0000601272293898
-0.0000587966212587
-0.0000555938988533
-0.0000529211826643
-0.0000500569175833
-0.0000479682812590
-0.0000463322842839
-0.0000425829172244
-0.0000399602629081
-0.0000381735290760
-0.0000359681656499
-0.0000321776421131
-0.0000309810750502
-0.0000285563915425
-0.0000258094664527
-0.0000239099220883
-0.0000231367093341
-0.0000199451304528
-0.0000178178807592
-0.0000158322471509
-0.0000132095916702
-0.0000101373507395
-0.0000091013318295
-0.0000072283449203
-0.0000054136458915
-0.0000012011593329
0.0000003464256804
0.0000008769549416
0.0000035029280319
0.0000049229372186
0.0000069159182142
0.0000085392802209
0.0000105769298792
0.0000120454372632
0.0000146677157143
0.0000166185791506
0.0000185572325439
0.0000180977784155
0.0000225211068808
0.0000237401690865
0.0000247357851915
0.0000274988517893
0.0000295237053510
0.0000306021462244
0.0000327470601866
0.0000342770620975
0.0000358067017765
0.0000379016592621
0.0000381519643643
0.0000399141773807
0.0000413153461357
0.0000427289168447
0.0000447324135138
0.0000469938197986
0.0000483940841031
0.0000503323064400
0.0000505761996273
0.0000534955817255
0.0000557641886883
0.0000559509097287
0.0000578207097933
0.0000609071271421
0.0000611570902258
0.0000620581722709
0.0000634082567368
0.0000652609182659
0.0000676113999295
0.0000684043806239
0.0000705196371244
0.0000710627987094
0.0000734464757897
0.0000723653866171
0.0000740287263276
0.0000762434214504
0.0000791141242107
0.0000817239078257
0.0000835101764344
0.0000877742265109
0.0000881211462263
0.0000888716958727
0.0000914953046880
0.0000948517325512
0.0000950314774652
0.0000980035084824
0.0001010051149266
0.0001030678790929
0.0001044722341308
0.0001076273901664
0.0001097566242303
0.0001143454900549
0.0001177240398127
0.0001255967385259
0.0001355459629151
0.0001393394452427
0.0001444609016968
0.0001487265795744
0.0001548038229144
0.0001597861025547
0.0001680830104380
0.0001714365925648
0.0001767246742383
0.0001881683579585
0.0001930689315410
0.0002011944604218
0.0002056809281425
0.0002095606638847
0.0002172482432532
0.0002250918197281
0.0002276727492006
0.0002317602496656
0.0002385298450394
0.0002456130596185
0.0002496940890701
0.0002560095540337
0.0002615594999747
0.0002653063593563
0.0002709314305116
0.0002791542336834
0.0002816498448709
0.0002868399054579
0.0002936233355201
0.0002996388858136
0.0003054620898520
0.0003114970502189
0.0003206204695228
0.0003245183788513
0.0003290761302388
0.0003358974607118
0.0003389416450674
0.0003438047360140
0.0003476895908877
0.0003551064816997
0.0003607848235712
0.0003675367160542
0.0003742980962078
0.0003788304104887
0.0004929037705819
0.0005066628476441
0.0005144620079801
0.0005219634138248
0.0005283015585346
0.0005361519847952
0.0005400862401458
0.0005465423324461
0.0005555996742973
0.0005591829299284
0.0005698967402296
0.0005755741113422
0.0005792619728224
0.0005876769305108
0.0005913938536786
0.0005999867531928
0.0006077256346335
0.0006142695552287
0.0006199044669028
0.0006246972051461
0.0006353034239477
0.0006370761968285
0.0006424873399751
0.0006494448872590
0.0006544209749389
0.0006610452320245
0.0006670738814172
0.0006736057226181
0.0006773281962473
0.0006821433461416
0.0006942952830778
0.0006982005743205
0.0007029898283688
0.0007078216757922
0.0007145995960945
