0.0000003323361138
0.0000004000323132
0.0000012357675874
0.0000010002911232
0.0000022738109235
0.0000030758653359
0.0000037935743062
0.0000038952667404
0.0000038844129455
0.0000042493201983
0.0000054616487376
0.0000060527696072
0.0000064097112549
0.0000070552542145
0.0000072320326550
0.0000076807542913
0.0000087199383200
0.0000089411404641
0.0000098391147459
0.0000103465542718
0.0000106145727910
0.0000109898238320
0.0000112352409978
0.0000117459356904
0.0000123577631136
0.0000132305564875
0.0000132370698583
0.0000135788673268
0.0000139243328265
0.0000146998789258
0.0000151718479124
0.0000156328936060
0.0000161305452916
0.0000164265529620
0.0000168694515585
0.0000174677643599
0.0000176974105265
0.0000180021118997
0.0000183687264565
0.0000187511566071
0.0000198151248832
0.0000197866792493
0.0000204086201711
0.0000207580640079
0.0000215729770981
0.0000221242827425
0.0000226784089272
0.0000224121636730
0.0000231335202284
0.0000232546237136
0.0000246630756131
0.0000249316272192
0.0000258509245014
0.0000265168292220
0.0000261580737526
0.0000270909277862
0.0000273026494911
0.0000276926190210
0.0000282340250410
0.0000287899074631
0.0000294688816550
0.0000301383281804
0.0000304347102915
0.0000309652713469
0.0000313623812238
0.0000321881674408
0.0000332119925547
0.0000337555740787
0.0000337187660799
0.0000337357115612
0.0000352161797711
0.0000357292245966
0.0000362047014908
0.0000368784286077
0.0000373062485392
0.0000380830233451
0.0000381979987524
0.0000390265492032
0.0000395426701150
0.0000399393507906
0.0000408113789632
0.0000413366394262
0.0000422297675646
0.0000427590759564
0.0000432955084825
0.0000441120433274
0.0000447468273697
0.0000452399165169
0.0000450914623654
0.0000462748636661
0.0000471397156881
0.0000472377866827
0.0000480116409203
0.0000483058344527
0.0000494478322171
0.0000496944147655
0.0000504607315618
0.0000514961251467
0.0000515119936318
0.0000524882627091
0.0000528733676228
0.0000528948099951
0.0000538493578351
0.0000547172977676
0.0000550485746384
0.0000558178915613
0.0000564734562334
0.0000571752710529
0.0000578404021161
0.0000581203631514
0.0000590763332951
0.0000591518649399
0.0000594463323324
0.0000603642546771
0.0000609773763708
0.0000603318489408
0.0000608827746183
0.0000581711410990
0.0000586509588727
0.0000589267278531
0.0000602725790942
0.0000609989874467
0.0000617069636776
0.0000613561145984
0.0000621197225017
0.0000636202493609
0.0000639082988514
0.0000639414355754
0.0000638320659835
0.0000629282272926
0.0000634676926238
0.0000643852877205
0.0000648691873188
0.0000654912525363
0.0000661045944295
0.0000664157481543
0.0000670836085057
0.0000671464450464
0.0000678565360120
0.0000671259828650
0.0000677347479421
0.0000685968597774
0.0000690321939290
0.0000695839270111
0.0000697679823280
0.0000702756541027
0.0000710815421979
0.0000714232336040
0.0000717286900343
0.0000723821618162
0.0000727356396795
0.0000729837043970
0.0000733562952150
0.0000745778860831
0.0000746567214883
0.0000755998218313
0.0000757684093245
0.0000757978413866
0.0000768829947288
0.0000774651097767
0.0000779228642617
0.0000781412569411
0.0000784779517556
0.0000795281444179
0.0000795075621235
0.0000800802835259
0.0000805729818480
0.0000810057075163
0.0000810393735906
0.0000821735485626
0.0000828025051764
0.0000830657919099
0.0000836209971290
0.0000843202509167
0.0000847728443408
0.0000851062794569
0.0000856710299244
0.0000858057094401
0.0000864322242698
0.0000871933773211
0.0000879071114444
0.0000877410563030
0.0000883377845505
0.0000892686453928
0.0000894144820031
0.0000898264518169
0.0000904340968359
0.0000907867193441
0.0000913464595898
0.0000912577803946
0.0000926483329269
0.0000925712846565
0.0000934071105079
0.0000940862666897
0.0000946354693630
0.0000948722863651
0.0000946233343321
0.0000958176964567
0.0000964626864077
0.0000968895787907
0.0000974883624317
0.0000978096463824
0.0000982657182764
0.0000989526303466
0.0000987016533322
0.0000993032006677
0.0001000591411342
0.0001007052148934
0.0001007688876418
0.0001014249470713
0.0001019985053750
0.0001021936638223
0.0001027928349389
0.0001034800686028
0.0001040956554694
0.0001046349032011
0.0001051562192636
0.0001050675842776
0.0001059402343941
0.0001062578639817
0.0001067823988155
0.0001069530216988
0.0001076292462593
0.0001080838041685
0.0001084684744913
0.0001088455540291
0.0001096096555767
0.0001101569458234
0.0001106181286590
0.0001117960953354
0.0001120502966718
0.0001125422147808
0.0001132899521600
0.0001135754771953
0.0001142895189725
0.0001144513736416
0.0001151551422407
0.0001153925434391
0.0001157333460330
0.0001161642412888
0.0001170986207633
0.0001172764701732
0.0001173725999591
0.0001177048417265
0.0001180621011679
0.0001186635712612
0.0001195459894089
0.0001197852368941
0.0001204335290766
0.0001213115866215
0.0001215713910483
0.0001223590665491
0.0001225995793092
0.0001233617648811
0.0001234698367580
0.0001236499514113
0.0001247331788605
0.0001248697349356
0.0001249868032427
0.0001255899363925
0.0001259888746949
0.0001264557933867
0.0001268861666342
0.0001273850478489
0.0001281569726893
0.0001286129720108
0.0001283762249763
0.0001290932446467
0.0001296263971020
0.0001298514458833
0.0001300922914425
0.0001307027450704
0.0001312075027217
0.0001311706280359
0.0001319343982511
0.0001324975288151
0.0001324474292772
0.0001333164760267
0.0001337224311175
0.0001341470117509
0.0001347333892978
0.0001355994092359
0.0001360576550009
0.0001362185703309
0.0001364239199408
0.0001369709318976
0.0001409393430987
0.0001416347199872
0.0001423354137882
0.0001426175154312
0.0001431777760516
0.0001441108494430
0.0001452168383059
0.0001453743472880
0.0001443596062328
0.0001453809992118
0.0001456842583828
0.0001460411839858
0.0001468834148946
0.0001471398127237
0.0001474667622863
0.0001478068350510
0.0001486146070189
0.0001482019728727
0.0001493398311679
0.0001492841493081
0.0001488741583807
0.0001489482735124
0.0001497477079425
0.0001501488178287
0.0001493572545670
0.0001504318640778
0.0001509710138866
0.0001507669994870
0.0001514241287618
0.0001518583305085
0.0001519741946020
0.0001519136071824
0.0001525368871929
0.0001527310168967
0.0001530793234356
0.0001533233606588
0.0001534577967631
0.0001536949531209
0.0001536652845275
0.0001545443218780
0.0001548570758822
0.0001543709515817
0.0001549894595652
0.0001550612935986
0.0001560798763433
0.0001558460883587
0.0001560760154650
0.0001564773999916
0.0001563796493450
0.0001564240466026
0.0001568347206493
0.0001565999577373
0.0001571662468347
0.0001573073304699
0.0001574505207388
0.0001574110907190
0.0001575582754452
0.0001571809118641
