0.0000002152945308
-0.0000005842050932
0.0000000421415458
-0.0000000676096923
-0.0000005930968106
-0.0000002223766160
-0.0000006217671639
0.0000001069352706
0.0000003412311596
0.0000003438501009
-0.0000000435359215
0.0000010646331926
-0.0000123263059802
-0.0000361655011462
-0.0000558640755201
-0.0000619867345977
-0.0000621912820005
-0.0000623423388076
-0.0000623303849500
-0.0000621070312708
-0.0000631322619742
-0.0000622862553982
-0.0000621639582444
-0.0000629581247494
-0.0000630809280998
-0.0000604968920391
-0.0000585477522748
-0.0000559876107491
-0.0000520027192495
-0.0000499340173114
-0.0000473811992245
-0.0000467426164859
-0.0000423196501587
-0.0000402919314695
-0.0000379045674481
-0.0000349177512959
-0.0000335830211536
-0.0000311779588198
-0.0000291250040638
-0.0000264867079521
-0.0000241566479495
-0.0000224086806354
-0.0000194391115917
-0.0000190781492819
-0.0000163610486413
-0.0000147545490835
-0.0000122312436896
-0.0000090456508571
-0.0000063460211502
-0.0000038521659208
-0.0000021063622649
-0.0000010328007691
0.0000003610968641
0.0000036699339134
0.0000052691755210
0.0000070277025074
0.0000096692579871
0.0000104770360873
0.0000122458103841
0.0000133018341426
0.0000165731574781
0.0000188485381775
0.0000201785502356
0.0000220193721327
0.0000223592842686
0.0000258492745255
0.0000266723555585
0.0000268374267078
0.0000269820766932
0.0000316472363711
0.0000330444146960
0.0000347943006291
0.0000361669498222
0.0000394014385293
0.0000409217021591
0.0000419193031873
0.0000449224202410
0.0000458460495894
0.0000484483092976
0.0000498279516367
0.0000507114312607
0.0000527037436092
0.0000558831565730
0.0000574163160238
0.0000587132056601
0.0000596922250842
0.0000606124152943
0.0000625448561234
0.0000628547008860
0.0000646366755210
0.0000668808304445
0.0000681914225540
0.0000699825281859
0.0000715526322584
0.0000728917692925
0.0000739677922801
0.0000754477282416
0.0000770868171620
0.0000781049684001
0.0000802288618581
0.0000819434066520
0.0000848062238265
0.0000880248264056
0.0000886199107718
0.0000930304424290
0.0000936791130950
0.0000956853831088
0.0000977006043289
0.0000978535259917
0.0000996349655058
0.0001026742210577
0.0001059532529174
0.0001079674556616
0.0001120137457923
0.0001141377680656
0.0001171892464505
0.0001217820034806
0.0001310639777184
0.0001395955136993
0.0001434330245306
0.0001492234517892
0.0001572865777455
0.0001600727725052
0.0001654602046409
0.0001731552345324
0.0001761734018491
0.0001821499820726
0.0001893212929617
0.0001968714093979
0.0001998907855437
0.0002071424208205
0.0002134213528239
0.0002176677809841
0.0002208744307984
0.0002309725138967
0.0002352204330366
0.0002381767011023
0.0002443440460335
0.0002510804470539
0.0002570245587919
0.0002616818881076
0.0002691221209119
0.0002738366390452
0.0002795026529386
0.0002864542259719
0.0002906373163082
0.0002931035193155
0.0003013213170624
0.0003066569872827
0.0003114656478658
0.0003142887470432
0.0003227430888201
0.0003269420182155
0.0003336192392828
0.0003377811755850
0.0003446102387382
0.0003487811550371
0.0003555865265316
0.0004552186141356
0.0004856234215282
0.0004906972246469
0.0005020281479990
0.0005066613943812
0.0005148533809358
0.0005186503549525
0.0005252019928225
0.0005332053039478
0.0005364060982452
0.0005460916646571
0.0005526833389246
0.0005597416942079
0.0005665485215268
0.0005674881040525
0.0005808759638634
0.0005872521376552
0.0005950836562658
0.0006020425799485
0.0006055689112491
0.0006142861885084
