1190 
0.1868999999999978 0.0159000000000002 4.0999999999999996
1.1895999999999987 0.0232000000000010 4.0999999999999996
2.1901999999999973 0.0207000000000015 4.0999999999999996
3.1764999999999972 0.0106999999999999 4.0999999999999996
4.1880999999999986 0.0101000000000013 4.0999999999999996
5.1809999999999974 0.0144000000000002 4.0999999999999996
6.1914999999999978 0.0000000000000000 4.0999999999999996
7.1856999999999971 0.0127000000000006 4.0999999999999996
8.1895999999999987 0.0118000000000009 4.0999999999999996
9.1897999999999982 0.0195000000000007 4.0999999999999996
10.1895999999999987 0.0309000000000008 4.0999999999999996
11.1870999999999992 0.0217000000000009 4.0999999999999996
12.1851999999999983 0.0204000000000004 4.0999999999999996
13.1889999999999983 0.0224000000000011 4.0999999999999996
14.1833999999999989 0.0134000000000007 4.0999999999999996
15.1857999999999986 0.0241000000000007 4.0999999999999996
16.1845999999999961 0.0365000000000002 4.0999999999999996
17.1786199999999987 0.0206000000000000 4.0999999999999996
18.1817499999999974 0.0244000000000000 4.0999999999999996
19.1815700000000007 0.0236999999999998 4.0999999999999996
20.1772099999999988 0.0200000000000014 4.0999999999999996
21.1736699999999978 0.0285000000000011 4.0999999999999996
22.1794300000000000 0.0288000000000004 4.0999999999999996
23.1792899999999982 0.0338000000000012 4.0999999999999996
24.1700099999999978 0.0422000000000011 4.0999999999999996
25.1739129999999989 0.0283000000000015 4.0999999999999996
26.1562549999999980 0.0341000000000005 4.0999999999999996
27.1607599999999998 0.0333000000000006 4.0999999999999996
28.1739099999999993 0.0246000000000013 4.0999999999999996
29.1674799999999976 0.0388999999999999 4.0999999999999996
30.1686999999999976 0.0411999999999999 4.0999999999999996
31.1548999999999978 0.0357000000000003 4.0999999999999996
32.1530500000000004 0.0400000000000009 4.0999999999999996
33.1430599999999984 0.0338000000000012 4.0999999999999996
34.1516599999999997 0.0399000000000012 4.0999999999999996
35.1499400000000009 0.0442000000000000 4.0999999999999996
36.1424999999999983 0.0339000000000009 4.0999999999999996
37.1312999999999960 0.0441000000000003 4.0999999999999996
38.1402000000000001 0.0414000000000012 4.0999999999999996
39.1311999999999998 0.0471000000000004 4.0999999999999996
40.1276999999999973 0.0492000000000008 4.0999999999999996
41.1315000000000026 0.0491000000000010 4.0999999999999996
42.1319999999999979 0.0428000000000015 4.0999999999999996
43.1295999999999964 0.0524000000000004 4.0999999999999996
44.1244999999999976 0.0446000000000009 4.0999999999999996
45.1145999999999958 0.0510999999999999 4.0999999999999996
46.1090999999999980 0.0579999999999998 4.0999999999999996
47.1135000000000019 0.0486000000000004 4.0999999999999996
48.1251999999999995 0.0518999999999998 4.0999999999999996
49.1261999999999972 0.0705000000000009 4.0999999999999996
49.1308999999999969 1.0431000000000008 4.0999999999999996
48.2237999999999971 1.0329000000000015 4.0999999999999996
47.3408999999999978 1.0406000000000013 4.0999999999999996
46.4373999999999967 1.0355000000000008 4.0999999999999996
45.5130999999999943 1.0254000000000012 4.0999999999999996
44.6261999999999972 1.0198000000000000 4.0999999999999996
43.6334999999999980 1.0257000000000005 4.0999999999999996
42.6362000000000023 1.0230000000000015 4.0999999999999996
41.6283999999999992 1.0171000000000010 4.0999999999999996
40.6398999999999972 1.0320000000000000 4.0999999999999996
39.6336999999999975 1.0335999999999999 4.0999999999999996
38.6333999999999946 1.0167999999999999 4.0999999999999996
37.6522000000000006 1.0308000000000010 4.0999999999999996
36.6516000000000020 1.0235000000000003 4.0999999999999996
35.6466999999999956 1.0195000000000007 4.0999999999999996
34.6475700000000018 1.0255000000000010 4.0999999999999996
33.6519100000000009 1.0187000000000008 4.0999999999999996
32.6375199999999950 1.0126000000000008 4.0999999999999996
31.6576400000000007 1.0232000000000010 4.0999999999999996
30.6661099999999998 1.0189000000000004 4.0999999999999996
29.6593599999999995 1.0231000000000012 4.0999999999999996
28.6568899999999971 1.0196000000000005 4.0999999999999996
27.6584499999999984 1.0158000000000005 4.0999999999999996
26.6766899999999971 1.0184000000000015 4.0999999999999996
25.6755289999999974 1.0093000000000014 4.0999999999999996
24.6727269999999983 1.0181000000000004 4.0999999999999996
23.6771899999999995 1.0140000000000011 4.0999999999999996
22.6707299999999989 1.0104000000000006 4.0999999999999996
21.6733699999999985 1.0072000000000010 4.0999999999999996
20.6856599999999986 1.0135000000000005 4.0999999999999996
19.6829699999999974 1.0022000000000002 4.0999999999999996
18.6753900000000002 1.0125000000000011 4.0999999999999996
17.6842399999999991 1.0019000000000009 4.0999999999999996
16.6803699999999964 1.0033000000000012 4.0999999999999996
15.6881299999999992 0.9968000000000004 4.0999999999999996
14.6810999999999989 0.9998000000000005 4.0999999999999996
13.6873999999999985 1.0005000000000006 4.0999999999999996
12.6830999999999978 1.0098000000000003 4.0999999999999996
11.6898999999999980 0.9969000000000001 4.0999999999999996
10.6913999999999980 1.0037000000000003 4.0999999999999996
9.6876999999999995 1.0055000000000014 4.0999999999999996
8.6890999999999998 0.9934000000000012 4.0999999999999996
7.6963999999999970 0.9957000000000011 4.0999999999999996
49.1236999999999995 2.0578000000000003 4.0999999999999996
48.1234000000000037 2.0316000000000010 4.0999999999999996
47.1253999999999991 2.0279000000000007 4.0999999999999996
46.1188000000000002 2.0318000000000005 4.0999999999999996
45.1268999999999991 2.0289000000000001 4.0999999999999996
44.1366000000000014 2.0197000000000003 4.0999999999999996
43.1411999999999978 2.0196000000000005 4.0999999999999996
42.1323999999999970 2.0242000000000004 4.0999999999999996
41.1325999999999965 2.0249000000000006 4.0999999999999996
40.1308999999999969 2.0322000000000013 4.0999999999999996
39.1340999999999966 2.0210000000000008 4.0999999999999996
38.1373999999999995 2.0182000000000002 4.0999999999999996
37.1366000000000014 2.0304000000000002 4.0999999999999996
36.1452999999999989 2.0062000000000015 4.0999999999999996
35.1420999999999992 2.0207000000000015 4.0999999999999996
34.1520399999999995 2.0272000000000006 4.0999999999999996
33.1465499999999977 2.0149000000000008 4.0999999999999996
32.1571099999999959 2.0240000000000009 4.0999999999999996
31.1551100000000005 2.0172000000000008 4.0999999999999996
30.1668799999999990 2.0188000000000006 4.0999999999999996
29.1671799999999983 2.0205000000000002 4.0999999999999996
28.1655599999999993 2.0072000000000010 4.0999999999999996
27.1603999999999992 2.0189000000000004 4.0999999999999996
26.1567829999999972 2.0182000000000002 4.0999999999999996
25.1585699999999974 2.0055000000000014 4.0999999999999996
24.1738599999999977 2.0200000000000014 4.0999999999999996
23.1792599999999993 2.0088000000000008 4.0999999999999996
22.1709399999999981 2.0009000000000015 4.0999999999999996
21.1794300000000000 1.9983000000000004 4.0999999999999996
20.1673100000000005 1.9942000000000011 4.0999999999999996
19.1783000000000001 2.0094000000000012 4.0999999999999996
18.1810399999999994 2.0067000000000004 4.0999999999999996
17.1791699999999992 2.0014000000000003 4.0999999999999996
16.1872199999999964 2.0150000000000006 4.0999999999999996
49.1379000000000019 3.0494700000000012 4.0999999999999996
48.2248999999999981 3.0276700000000005 4.0999999999999996
47.3314000000000021 3.0361600000000006 4.0999999999999996
46.4343999999999966 3.0229500000000016 4.0999999999999996
45.5277999999999992 3.0281600000000015 4.0999999999999996
44.6276999999999973 3.0163600000000006 4.0999999999999996
43.6375999999999991 3.0209500000000009 4.0999999999999996
42.6342999999999961 3.0149300000000014 4.0999999999999996
41.6225000000000023 3.0107800000000005 4.0999999999999996
40.6360999999999990 3.0209800000000016 4.0999999999999996
39.6445000000000007 3.0179200000000002 4.0999999999999996
38.6422999999999988 3.0229600000000012 4.0999999999999996
37.6494000000000000 3.0228700000000011 4.0999999999999996
36.6537000000000006 3.0119700000000016 4.0999999999999996
35.6484999999999985 3.0061300000000006 4.0999999999999996
34.6413399999999996 3.0067100000000000 4.0999999999999996
33.6460200000000000 3.0049400000000013 4.0999999999999996
32.6576699999999960 3.0171700000000001 4.0999999999999996
31.6569499999999984 3.0109600000000007 4.0999999999999996
30.6622199999999978 3.0080700000000000 4.0999999999999996
29.6506599999999985 3.0151599999999998 4.0999999999999996
28.6484999999999985 3.0080500000000008 4.0999999999999996
27.6535099999999971 3.0008200000000009 4.0999999999999996
26.6698199999999979 3.0040200000000006 4.0999999999999996
25.6624309999999980 2.9985800000000005 4.0999999999999996
24.6648660000000000 3.0161200000000008 4.0999999999999996
23.6674299999999995 3.0059400000000007 4.0999999999999996
22.6661900000000003 2.9971900000000016 4.0999999999999996
21.6627200000000002 3.0013000000000005 4.0999999999999996
20.6744799999999991 3.0016400000000001 4.0999999999999996
19.6805999999999983 2.9865600000000008 4.0999999999999996
49.1373999999999995 4.0245700000000006 4.0999999999999996
48.1229000000000013 4.0129100000000015 4.0999999999999996
47.1362999999999985 4.0120800000000010 4.0999999999999996
46.1306999999999974 4.0107500000000016 4.0999999999999996
45.1486000000000018 4.0090500000000002 4.0999999999999996
44.1380999999999943 4.0138900000000000 4.0999999999999996
43.1371000000000038 4.0082400000000007 4.0999999999999996
42.1270999999999987 4.0105700000000013 4.0999999999999996
41.1317999999999984 4.0022200000000012 4.0999999999999996
40.1330999999999989 4.0021100000000001 4.0999999999999996
39.1349000000000018 4.0074200000000015 4.0999999999999996
38.1410999999999945 3.9962300000000006 4.0999999999999996
37.1400999999999968 4.0047500000000014 4.0999999999999996
36.1368999999999971 3.9930900000000005 4.0999999999999996
35.1483399999999975 4.0102300000000000 4.0999999999999996
34.1531499999999966 4.0085700000000006 4.0999999999999996
33.1411799999999985 3.9955700000000007 4.0999999999999996
32.1540600000000012 4.0030300000000008 4.0999999999999996
31.1544499999999971 3.9913300000000014 4.0999999999999996
30.1608899999999984 3.9916900000000002 4.0999999999999996
29.1630299999999991 3.9958600000000004 4.0999999999999996
28.1629599999999982 3.9955600000000011 4.0999999999999996
27.1571299999999987 3.9945200000000014 4.0999999999999996
26.1545339999999982 3.9986500000000014 4.0999999999999996
25.1579039999999985 3.9903000000000013 4.0999999999999996
24.1654099999999978 3.9982400000000009 4.0999999999999996
23.1705499999999986 3.9932700000000008 4.0999999999999996
22.1618800000000000 3.9793099999999999 4.0999999999999996
21.1738999999999997 3.9933300000000003 4.0999999999999996
20.1633799999999965 3.9942500000000010 4.0999999999999996
19.1656199999999970 4.0006000000000004 4.0999999999999996
18.1757099999999987 3.9935900000000011 4.0999999999999996
17.1692999999999998 3.9873500000000011 4.0999999999999996
16.1711499999999972 3.9935700000000001 4.0999999999999996
18.6702899999999978 3.0017200000000006 4.0999999999999996
17.6734299999999998 2.9956399999999999 4.0999999999999996
16.6700799999999987 2.9971300000000003 4.0999999999999996
15.6674999999999986 2.9971100000000011 4.0999999999999996
14.6698999999999984 2.9850200000000005 4.0999999999999996
13.6794999999999991 2.9887300000000003 4.0999999999999996
12.6752999999999982 3.0007400000000004 4.0999999999999996
11.6805999999999983 2.9866299999999999 4.0999999999999996
15.1665999999999990 3.9944000000000006 4.0999999999999996
14.1663999999999994 3.9846800000000009 4.0999999999999996
13.1620999999999988 3.9878000000000000 4.0999999999999996
12.1661999999999981 3.9875400000000010 4.0999999999999996
11.1765999999999988 3.9839099999999998 4.0999999999999996
15.1807999999999979 2.0053999999999998 4.0999999999999996
14.1755999999999993 1.9926000000000013 4.0999999999999996
13.1816999999999993 2.0042000000000009 4.0999999999999996
10.6750999999999987 2.9888500000000011 4.0999999999999996
10.1702999999999992 3.9918800000000001 4.0999999999999996
9.1744999999999983 3.9850900000000014 4.0999999999999996
9.6681999999999988 2.9883600000000001 4.0999999999999996
8.6738000000000000 2.9825800000000005 4.0999999999999996
8.1726999999999990 3.9865500000000011 4.0999999999999996
7.6685999999999979 2.9891700000000014 4.0999999999999996
6.6747999999999976 2.9824400000000004 4.0999999999999996
5.6681999999999988 2.9902700000000006 4.0999999999999996
4.6762999999999977 2.9903700000000004 4.0999999999999996
3.7689999999999984 2.9866700000000002 4.0999999999999996
2.8742999999999981 2.9898400000000009 4.0999999999999996
1.9646999999999970 2.9899200000000015 4.0999999999999996
1.0681999999999974 2.9880900000000015 4.0999999999999996
0.1670999999999978 2.9986899999999999 4.0999999999999996
12.1679999999999993 1.9935000000000009 4.0999999999999996
11.1869999999999994 2.0039000000000016 4.0999999999999996
10.1759999999999984 2.0062000000000015 4.0999999999999996
9.1833999999999989 1.9975000000000005 4.0999999999999996
8.1844000000000001 2.0001000000000015 4.0999999999999996
7.1679999999999993 2.0005000000000006 4.0999999999999996
6.1813000000000002 1.9952000000000005 4.0999999999999996
5.1780999999999970 2.0109000000000012 4.0999999999999996
4.1797000000000004 2.0016000000000016 4.0999999999999996
6.6828000000000003 0.9954000000000001 4.0999999999999996
5.6866999999999983 0.9977000000000000 4.0999999999999996
4.6935000000000002 1.0030000000000001 4.0999999999999996
3.7927999999999997 1.0013000000000005 4.0999999999999996
2.8901000000000003 0.9942000000000011 4.0999999999999996
1.9810999999999979 0.9923000000000002 4.0999999999999996
1.0857999999999990 1.0044000000000004 4.0999999999999996
0.1786999999999992 1.0126000000000008 4.0999999999999996
3.1692000000000000 2.0009000000000015 4.0999999999999996
2.1813000000000002 2.0078000000000014 4.0999999999999996
7.1517999999999979 3.9984900000000003 4.0999999999999996
6.1713999999999984 3.9849000000000014 4.0999999999999996
5.1658999999999970 3.9887700000000006 4.0999999999999996
4.1671999999999976 3.9774600000000007 4.0999999999999996
3.1546999999999983 3.9609500000000004 4.0999999999999996
2.1632999999999996 3.9775300000000016 4.0999999999999996
1.1593999999999980 3.9745400000000011 4.0999999999999996
0.1478000000000002 3.9770200000000013 4.0999999999999996
48.2287000000000035 5.0325200000000008 4.0999999999999996
47.3391999999999982 5.0348500000000005 4.0999999999999996
49.1362999999999985 5.0618000000000007 4.0999999999999996
46.4344999999999999 5.0372700000000004 4.0999999999999996
45.5250999999999948 5.0376600000000007 4.0999999999999996
44.6392000000000024 5.0245400000000009 4.0999999999999996
43.6467999999999989 5.0238900000000006 4.0999999999999996
42.6405999999999992 5.0276800000000010 4.0999999999999996
49.1345000000000027 6.0200200000000006 4.0999999999999996
48.1310000000000002 6.0201300000000009 4.0999999999999996
47.1490999999999971 6.0395800000000008 4.0999999999999996
46.1368999999999971 6.0061600000000004 4.0999999999999996
45.1315999999999988 6.0199600000000011 4.0999999999999996
44.1303999999999945 6.0017700000000005 4.0999999999999996
43.1373999999999995 6.0125200000000003 4.0999999999999996
42.1396000000000015 6.0273000000000003 4.0999999999999996
41.1376999999999953 6.0088400000000011 4.0999999999999996
40.1370999999999967 6.0169000000000006 4.0999999999999996
39.1387000000000000 6.0086400000000006 4.0999999999999996
38.1454999999999984 5.9970800000000004 4.0999999999999996
37.1424999999999983 6.0016300000000005 4.0999999999999996
36.1400000000000006 5.9917200000000008 4.0999999999999996
35.1439000000000021 6.0037200000000004 4.0999999999999996
34.1492599999999982 6.0025700000000004 4.0999999999999996
33.1488099999999974 5.9925200000000007 4.0999999999999996
32.1502899999999983 6.0024600000000010 4.0999999999999996
41.6221999999999994 5.0158700000000005 4.0999999999999996
40.6325999999999965 5.0281500000000010 4.0999999999999996
39.6389999999999958 5.0216400000000005 4.0999999999999996
38.6351000000000013 5.0176000000000007 4.0999999999999996
37.6483999999999952 5.0261000000000005 4.0999999999999996
36.6417000000000002 5.0201900000000004 4.0999999999999996
35.6413000000000011 5.0144200000000003 4.0999999999999996
34.6321099999999973 5.0208500000000011 4.0999999999999996
33.6424899999999951 5.0146600000000010 4.0999999999999996
32.6544499999999971 5.0146600000000010 4.0999999999999996
31.1538800000000009 5.9958700000000009 4.0999999999999996
30.1591699999999996 5.9975600000000009 4.0999999999999996
31.6536299999999997 5.0196600000000009 4.0999999999999996
30.6619499999999974 5.0092400000000010 4.0999999999999996
29.6499600000000001 5.0184600000000010 4.0999999999999996
28.6467999999999989 5.0031500000000007 4.0999999999999996
29.1483500000000006 6.0031800000000004 4.0999999999999996
28.1623899999999985 6.0005400000000009 4.0999999999999996
27.1558299999999981 6.0040300000000011 4.0999999999999996
27.6397799999999982 4.9988400000000004 4.0999999999999996
26.6621799999999993 5.0138600000000011 4.0999999999999996
25.6622299999999974 5.0094500000000011 4.0999999999999996
26.1436560000000000 6.0074600000000009 4.0999999999999996
25.1477690000000003 5.9975400000000008 4.0999999999999996
24.1524999999999999 6.0078800000000010 4.0999999999999996
23.1540900000000001 5.9962200000000010 4.0999999999999996
22.1555699999999973 5.9917400000000010 4.0999999999999996
21.1662999999999997 5.9908600000000005 4.0999999999999996
47.3405999999999949 7.0035900000000009 4.0999999999999996
48.2254999999999967 6.9990900000000007 4.0999999999999996
49.1405999999999992 7.0236800000000006 4.0999999999999996
46.4337999999999980 7.0128700000000004 4.0999999999999996
45.5322000000000031 7.0116300000000011 4.0999999999999996
44.6424999999999983 7.0089600000000010 4.0999999999999996
43.6375000000000028 7.0015200000000011 4.0999999999999996
42.6205999999999960 7.0116100000000010 4.0999999999999996
41.6296999999999997 6.9970000000000008 4.0999999999999996
40.6375999999999991 7.0165500000000005 4.0999999999999996
39.6445999999999970 7.0047200000000007 4.0999999999999996
38.6417999999999964 6.9933100000000010 4.0999999999999996
37.6441999999999979 7.0076000000000009 4.0999999999999996
36.6462000000000003 7.0051300000000003 4.0999999999999996
35.6355000000000004 6.9942600000000006 4.0999999999999996
34.6394299999999973 7.0067000000000004 4.0999999999999996
33.6441999999999979 6.9976200000000004 4.0999999999999996
32.6470199999999977 7.0041600000000006 4.0999999999999996
31.6539199999999994 7.0065300000000006 4.0999999999999996
30.6506100000000004 6.9907000000000004 4.0999999999999996
29.6421799999999998 7.0009500000000005 4.0999999999999996
28.6421599999999970 6.9953100000000008 4.0999999999999996
27.6403699999999972 6.9935600000000004 4.0999999999999996
26.6597799999999978 7.0040200000000006 4.0999999999999996
25.6570819999999991 6.9967000000000006 4.0999999999999996
24.6540779999999984 7.0015300000000007 4.0999999999999996
23.6550499999999992 7.0083300000000008 4.0999999999999996
22.6497499999999974 6.9936500000000006 4.0999999999999996
21.6522999999999968 6.9964300000000010 4.0999999999999996
20.6506499999999988 6.9955800000000004 4.0999999999999996
19.6584599999999980 6.9887300000000003 4.0999999999999996
24.6545729999999992 5.0138100000000003 4.0999999999999996
23.6631399999999985 5.0165100000000011 4.0999999999999996
22.6643200000000000 4.9991600000000007 4.0999999999999996
21.6564699999999988 5.0074400000000008 4.0999999999999996
20.6614900000000006 5.0069500000000007 4.0999999999999996
19.6656399999999998 5.0034900000000011 4.0999999999999996
20.1571199999999990 5.9887800000000011 4.0999999999999996
18.6493299999999991 6.9897700000000009 4.0999999999999996
17.6559999999999988 6.9922000000000004 4.0999999999999996
16.6594300000000004 6.9884700000000004 4.0999999999999996
15.6541399999999982 6.9938900000000004 4.0999999999999996
18.6496799999999965 5.0155000000000003 4.0999999999999996
17.6668499999999966 5.0057500000000008 4.0999999999999996
16.6657499999999992 5.0090100000000009 4.0999999999999996
15.6612099999999987 4.9981300000000006 4.0999999999999996
14.6617999999999995 4.9993800000000004 4.0999999999999996
13.6653999999999982 5.0100800000000003 4.0999999999999996
12.6606999999999985 5.0150500000000005 4.0999999999999996
11.6587999999999994 5.0106200000000003 4.0999999999999996
10.6700999999999979 5.0147000000000004 4.0999999999999996
14.6445999999999987 6.9892100000000008 4.0999999999999996
13.6519999999999992 6.9922400000000007 4.0999999999999996
12.6454999999999984 6.9992700000000010 4.0999999999999996
11.6588999999999992 6.9906200000000007 4.0999999999999996
10.6518999999999995 6.9943100000000005 4.0999999999999996
9.6462999999999983 6.9865500000000011 4.0999999999999996
8.6466999999999992 6.9771200000000011 4.0999999999999996
7.6478000000000002 6.9783400000000011 4.0999999999999996
19.1359099999999991 6.0024700000000006 4.0999999999999996
18.1640400000000000 5.9967800000000011 4.0999999999999996
17.1586799999999968 5.9903500000000003 4.0999999999999996
16.1575899999999990 5.9896500000000010 4.0999999999999996
15.1597999999999988 5.9926000000000004 4.0999999999999996
14.1578999999999979 5.9901000000000009 4.0999999999999996
13.1559999999999988 5.9954600000000005 4.0999999999999996
12.1588999999999992 5.9854800000000008 4.0999999999999996
11.1567999999999987 5.9804300000000010 4.0999999999999996
10.1539999999999981 5.9851400000000003 4.0999999999999996
9.1542999999999992 5.9776200000000008 4.0999999999999996
8.1548999999999978 5.9833800000000004 4.0999999999999996
7.1553000000000004 5.9892700000000003 4.0999999999999996
6.6455999999999982 6.9809400000000004 4.0999999999999996
5.6451999999999991 6.9890100000000004 4.0999999999999996
4.6554000000000002 6.9895000000000005 4.0999999999999996
3.7518999999999991 6.9794800000000006 4.0999999999999996
2.8484999999999978 6.9915600000000007 4.0999999999999996
1.9359999999999999 6.9936300000000005 4.0999999999999996
1.0542999999999978 6.9950800000000006 4.0999999999999996
0.1250999999999998 6.9931200000000011 4.0999999999999996
9.6542999999999992 5.0047600000000010 4.0999999999999996
8.6591999999999985 4.9949700000000004 4.0999999999999996
7.6587999999999994 5.0007300000000008 4.0999999999999996
49.1383000000000010 8.0386400000000009 4.0999999999999996
48.1304999999999978 8.0127100000000020 4.0999999999999996
47.1244999999999976 8.0184300000000004 4.0999999999999996
46.1360999999999990 8.0299800000000019 4.0999999999999996
45.1411999999999978 8.0190300000000008 4.0999999999999996
44.1345999999999989 8.0138999999999996 4.0999999999999996
43.1333999999999946 8.0189800000000009 4.0999999999999996
42.1178999999999988 8.0111400000000010 4.0999999999999996
41.1376999999999953 8.0177800000000019 4.0999999999999996
40.1372999999999962 8.0241800000000012 4.0999999999999996
39.1398000000000010 8.0150000000000006 4.0999999999999996
38.1422999999999988 8.0177900000000015 4.0999999999999996
37.1329999999999956 8.0157200000000017 4.0999999999999996
36.1311999999999998 8.0047600000000010 4.0999999999999996
35.1362900000000025 8.0097900000000006 4.0999999999999996
34.1410199999999975 8.0107600000000012 4.0999999999999996
33.1446800000000010 8.0087700000000019 4.0999999999999996
32.1428700000000021 8.0128900000000005 4.0999999999999996
31.1527199999999986 8.0103800000000014 4.0999999999999996
30.1511199999999988 8.0106999999999999 4.0999999999999996
29.1397899999999979 8.0072800000000015 4.0999999999999996
28.1457899999999981 8.0057800000000015 4.0999999999999996
27.1455699999999993 8.0111100000000004 4.0999999999999996
26.1359420000000000 8.0062500000000014 4.0999999999999996
25.1380129999999973 8.0057800000000015 4.0999999999999996
24.1451999999999991 8.0084599999999995 4.0999999999999996
23.1454899999999988 8.0030200000000011 4.0999999999999996
22.1464299999999987 7.9975300000000011 4.0999999999999996
21.1587800000000001 8.0063200000000005 4.0999999999999996
20.1433499999999981 8.0025499999999994 4.0999999999999996
19.1445999999999970 8.0026800000000016 4.0999999999999996
18.1516199999999976 8.0021699999999996 4.0999999999999996
48.2390999999999934 8.9969400000000004 4.0999999999999996
49.1333999999999946 9.0320800000000006 4.0999999999999996
47.3354999999999961 9.0043600000000001 4.0999999999999996
46.4435000000000002 9.0004900000000010 4.0999999999999996
45.5533000000000001 9.0080000000000009 4.0999999999999996
44.6372999999999962 9.0067000000000004 4.0999999999999996
43.6334999999999980 9.0009600000000010 4.0999999999999996
42.6278999999999968 9.0039000000000016 4.0999999999999996
41.6340000000000003 9.0021300000000011 4.0999999999999996
40.6486999999999981 9.0098300000000009 4.0999999999999996
39.6428999999999974 9.0053200000000011 4.0999999999999996
38.6368000000000009 8.9961000000000002 4.0999999999999996
37.6432000000000002 9.0071399999999997 4.0999999999999996
36.6400000000000006 9.0040000000000013 4.0999999999999996
35.6372999999999962 9.0020300000000013 4.0999999999999996
34.6401100000000000 9.0063000000000013 4.0999999999999996
33.6423699999999997 8.9936700000000016 4.0999999999999996
32.6507700000000014 8.9965900000000012 4.0999999999999996
31.6445499999999988 8.9950800000000015 4.0999999999999996
49.1345999999999989 9.9968800000000009 4.0999999999999996
48.1329999999999956 10.0110900000000012 4.0999999999999996
47.1445999999999970 10.0171900000000011 4.0999999999999996
46.1456000000000017 10.0148299999999999 4.0999999999999996
45.1366000000000014 10.0037200000000013 4.0999999999999996
44.1356999999999999 9.9994800000000001 4.0999999999999996
43.1255999999999986 10.0101399999999998 4.0999999999999996
42.1323000000000008 10.0103100000000005 4.0999999999999996
41.1422000000000025 10.0127200000000016 4.0999999999999996
40.1460999999999970 10.0154400000000017 4.0999999999999996
39.1368999999999971 10.0131200000000007 4.0999999999999996
38.1520000000000010 10.1003200000000000 4.0999999999999996
37.1373999999999995 10.0083200000000012 4.0999999999999996
36.1285000000000025 9.9943500000000007 4.0999999999999996
35.1380999999999943 10.0061600000000013 4.0999999999999996
34.1456599999999995 10.0045300000000008 4.0999999999999996
33.1384399999999957 9.9881600000000006 4.0999999999999996
32.1387900000000002 9.9977700000000009 4.0999999999999996
31.1533799999999985 9.9961800000000007 4.0999999999999996
30.1480499999999978 9.9937800000000010 4.0999999999999996
29.1377499999999969 10.0015400000000003 4.0999999999999996
28.1473300000000002 9.9883400000000009 4.0999999999999996
27.1389399999999981 9.9954900000000002 4.0999999999999996
26.1343479999999992 9.9968900000000005 4.0999999999999996
25.1433009999999975 9.9962700000000009 4.0999999999999996
24.1475699999999982 10.0076900000000002 4.0999999999999996
23.1362199999999980 10.0019400000000012 4.0999999999999996
22.1437299999999979 9.9937400000000007 4.0999999999999996
21.1470099999999981 10.0024100000000011 4.0999999999999996
20.1356899999999968 9.9918100000000010 4.0999999999999996
19.1415900000000008 9.9948100000000011 4.0999999999999996
18.1461499999999987 9.9924999999999997 4.0999999999999996
17.1487899999999982 9.9851000000000010 4.0999999999999996
30.6157100000000000 8.9931200000000011 4.0999999999999996
29.6457499999999996 8.9891400000000008 4.0999999999999996
28.6419399999999982 8.9963499999999996 4.0999999999999996
27.6358399999999982 8.9857800000000001 4.0999999999999996
26.6561799999999991 8.9871000000000016 4.0999999999999996
25.6581960000000002 8.9867400000000011 4.0999999999999996
24.6494039999999970 8.9903000000000013 4.0999999999999996
23.6456099999999978 8.9981200000000001 4.0999999999999996
22.6431899999999970 8.9884800000000009 4.0999999999999996
21.6472999999999978 8.9911300000000001 4.0999999999999996
20.6515599999999999 8.9902499999999996 4.0999999999999996
19.6563499999999998 8.9799100000000003 4.0999999999999996
17.1452899999999993 7.9908400000000004 4.0999999999999996
16.1453399999999974 8.0006800000000009 4.0999999999999996
15.1404999999999994 7.9976200000000004 4.0999999999999996
14.1396999999999995 7.9982000000000006 4.0999999999999996
13.1362999999999985 8.0164299999999997 4.0999999999999996
12.1349999999999980 8.0019200000000019 4.0999999999999996
11.1493999999999982 8.0006699999999995 4.0999999999999996
18.6418800000000005 8.9874500000000008 4.0999999999999996
17.6442799999999984 8.9867600000000003 4.0999999999999996
16.6398200000000003 8.9865899999999996 4.0999999999999996
15.6427299999999985 8.9927000000000010 4.0999999999999996
14.6360999999999990 8.9911400000000015 4.0999999999999996
13.6406999999999989 8.9859500000000008 4.0999999999999996
12.6416999999999984 8.9855300000000007 4.0999999999999996
11.6366999999999994 8.9807200000000016 4.0999999999999996
10.6426999999999978 8.9923900000000003 4.0999999999999996
16.1334299999999971 9.9890299999999996 4.0999999999999996
15.1372999999999980 9.9938800000000008 4.0999999999999996
14.1258999999999979 9.9920000000000009 4.0999999999999996
13.1334999999999980 10.0019400000000012 4.0999999999999996
12.1351999999999993 9.9933500000000013 4.0999999999999996
10.1401999999999983 8.0047800000000002 4.0999999999999996
9.1375999999999991 7.9917200000000008 4.0999999999999996
8.1359999999999992 8.0008900000000018 4.0999999999999996
9.6328999999999994 8.9932000000000016 4.0999999999999996
8.6330999999999989 8.9849300000000003 4.0999999999999996
7.6285999999999987 8.9908200000000011 4.0999999999999996
6.6245999999999974 8.9852100000000004 4.0999999999999996
5.6306999999999974 8.9825800000000005 4.0999999999999996
4.6302999999999983 8.9886000000000017 4.0999999999999996
3.7241000000000000 9.0025300000000001 4.0999999999999996
2.8242999999999974 8.9979900000000015 4.0999999999999996
1.9208999999999996 8.9942300000000017 4.0999999999999996
1.0258000000000003 8.9977400000000003 4.0999999999999996
0.1006000000000000 8.9893900000000002 4.0999999999999996
7.1312999999999995 8.0064899999999994 4.0999999999999996
6.1391999999999989 7.9957300000000009 4.0999999999999996
5.1380999999999979 7.9991000000000003 4.0999999999999996
6.1440999999999981 5.9741400000000011 4.0999999999999996
5.1589999999999989 5.9724400000000006 4.0999999999999996
6.6502999999999979 4.9952000000000005 4.0999999999999996
5.6526999999999994 5.0116600000000009 4.0999999999999996
4.6555999999999997 5.0107000000000008 4.0999999999999996
3.7484999999999999 4.9956900000000006 4.0999999999999996
2.8460000000000001 4.9982800000000003 4.0999999999999996
1.9490999999999978 4.9986200000000007 4.0999999999999996
1.0510999999999981 5.0051300000000003 4.0999999999999996
0.1404999999999994 5.0090600000000007 4.0999999999999996
4.1459999999999972 5.9721100000000007 4.0999999999999996
11.1151999999999980 10.0841500000000011 4.0999999999999996
10.1315999999999988 10.0024800000000003 4.0999999999999996
9.1269999999999989 9.9858000000000011 4.0999999999999996
8.1219999999999999 10.0023600000000012 4.0999999999999996
7.1160999999999994 10.0142100000000003 4.0999999999999996
6.1286999999999985 9.9996800000000015 4.0999999999999996
5.1247999999999969 10.0084200000000010 4.0999999999999996
4.1257999999999981 10.0109100000000009 4.0999999999999996
4.1269999999999989 7.9954300000000007 4.0999999999999996
3.1223999999999990 7.9903800000000009 4.0999999999999996
2.1204000000000001 8.0011600000000005 4.0999999999999996
3.1379999999999981 5.9678700000000005 4.0999999999999996
2.1371000000000002 5.9798100000000005 4.0999999999999996
1.1453999999999986 5.9766900000000005 4.0999999999999996
0.1403999999999996 5.9930500000000011 4.0999999999999996
1.1125999999999969 7.9985400000000011 4.0999999999999996
0.1188000000000002 8.0117200000000004 4.0999999999999996
37.4119000000000028 10.9927400000000013 4.0999999999999996
36.6333999999999946 10.9930900000000005 4.0999999999999996
35.6342999999999961 11.0072700000000001 4.0999999999999996
34.6399100000000004 10.9971100000000011 4.0999999999999996
33.6475900000000010 10.9951100000000004 4.0999999999999996
32.6505399999999995 10.9973700000000001 4.0999999999999996
31.6362099999999984 10.9962000000000000 4.0999999999999996
30.6398899999999976 10.9876100000000001 4.0999999999999996
29.6318599999999996 10.9918700000000005 4.0999999999999996
28.6300499999999971 10.9960200000000015 4.0999999999999996
27.6329099999999990 10.9941800000000001 4.0999999999999996
26.6477000000000004 11.0009500000000013 4.0999999999999996
25.6410160000000005 10.9907800000000009 4.0999999999999996
24.6409449999999985 10.9986800000000002 4.0999999999999996
23.6303400000000003 10.9923700000000011 4.0999999999999996
22.6331199999999981 10.9837800000000012 4.0999999999999996
21.6331099999999985 10.9994600000000009 4.0999999999999996
20.6323699999999981 10.9969300000000008 4.0999999999999996
19.6365699999999990 10.9933800000000002 4.0999999999999996
18.6253600000000006 10.9954700000000010 4.0999999999999996
17.6254700000000000 10.9837699999999998 4.0999999999999996
16.6335399999999964 10.9906700000000015 4.0999999999999996
15.6317599999999981 10.9926100000000009 4.0999999999999996
14.6260999999999992 10.9923600000000015 4.0999999999999996
13.6336999999999993 11.0011500000000009 4.0999999999999996
12.6239999999999988 10.9931500000000000 4.0999999999999996
11.8565999999999985 10.9953700000000012 4.0999999999999996
3.1093999999999973 9.9908999999999999 4.0999999999999996
2.1157000000000004 10.0122400000000003 4.0999999999999996
1.1021999999999998 9.9950400000000013 4.0999999999999996
0.1087999999999987 10.0071200000000005 4.0999999999999996
1.1677999999999997 1.9931999999999999 4.0999999999999996
0.1760999999999981 2.0129999999999999 4.0999999999999996
37.1261999999999972 11.9873419999999999 4.0999999999999996
36.1329999999999956 11.9811170000000011 4.0999999999999996
35.1522599999999983 11.9971550000000011 4.0999999999999996
34.1405799999999999 11.9876070000000006 4.0999999999999996
33.1432199999999995 11.9773700000000005 4.0999999999999996
32.1389599999999973 11.9855900000000002 4.0999999999999996
31.1423999999999985 11.9884219999999999 4.0999999999999996
30.1378500000000003 11.9837510000000016 4.0999999999999996
29.1328199999999988 11.9938010000000013 4.0999999999999996
28.1377499999999969 11.9707860000000004 4.0999999999999996
27.1404299999999985 11.9864810000000013 4.0999999999999996
26.1300069999999991 11.9941580000000005 4.0999999999999996
25.1397489999999983 11.9818130000000007 4.0999999999999996
24.1459499999999991 12.0038030000000013 4.0999999999999996
23.1290799999999983 11.9840410000000013 4.0999999999999996
22.1316500000000005 11.9841550000000012 4.0999999999999996
21.1470699999999994 11.9876000000000005 4.0999999999999996
20.1368999999999971 11.9797370000000001 4.0999999999999996
19.1395599999999995 11.9820600000000006 4.0999999999999996
18.1442899999999980 11.9859100000000005 4.0999999999999996
17.1251299999999986 11.9819310000000012 4.0999999999999996
16.1189299999999989 11.9878150000000012 4.0999999999999996
15.1275999999999993 11.9927000000000010 4.0999999999999996
14.1264999999999983 11.9730370000000015 4.0999999999999996
13.1288999999999980 11.9863860000000013 4.0999999999999996
12.1226999999999983 11.9845740000000003 4.0999999999999996
37.4103999999999957 12.9923549999999999 4.0999999999999996
36.6263000000000005 12.9989640000000009 4.0999999999999996
35.6329999999999956 12.9953470000000006 4.0999999999999996
34.6399399999999957 13.0026750000000000 4.0999999999999996
33.6460200000000000 12.9912540000000014 4.0999999999999996
32.6456999999999979 12.9951900000000009 4.0999999999999996
31.6456400000000002 12.9984630000000010 4.0999999999999996
30.6330699999999965 12.9846310000000003 4.0999999999999996
29.6376299999999979 12.9997640000000008 4.0999999999999996
28.6295699999999975 12.9908280000000005 4.0999999999999996
27.6351200000000006 12.9835510000000003 4.0999999999999996
26.6423500000000004 13.0018960000000003 4.0999999999999996
25.6464119999999980 12.9826520000000016 4.0999999999999996
24.6437740000000005 12.9969360000000016 4.0999999999999996
23.6254199999999983 12.9913110000000014 4.0999999999999996
22.6256399999999971 12.9840360000000015 4.0999999999999996
21.6302500000000002 12.9986120000000014 4.0999999999999996
20.6262899999999973 12.9985530000000011 4.0999999999999996
19.6384299999999996 12.9936530000000001 4.0999999999999996
18.6340900000000005 12.9933970000000016 4.0999999999999996
17.6208099999999988 12.9772920000000003 4.0999999999999996
16.6162700000000001 12.9912559999999999 4.0999999999999996
15.6254099999999987 12.9897130000000001 4.0999999999999996
14.6303999999999981 12.9815080000000016 4.0999999999999996
13.6239999999999988 12.9901840000000011 4.0999999999999996
12.6177999999999990 12.9866530000000004 4.0999999999999996
11.8419999999999987 13.0012530000000002 4.0999999999999996
37.1306000000000012 13.9851200000000002 4.0999999999999996
36.1428000000000011 13.9861000000000004 4.0999999999999996
35.1512900000000030 13.9884900000000005 4.0999999999999996
38.1387000000000000 13.9335100000000001 4.0999999999999996
39.1385999999999967 14.0186200000000003 4.0999999999999996
40.1483999999999952 14.0083800000000007 4.0999999999999996
41.1563000000000017 14.0175000000000001 4.0999999999999996
42.1364999999999981 14.0086300000000001 4.0999999999999996
43.1444999999999936 14.0311300000000010 4.0999999999999996
44.1363999999999947 14.0017700000000005 4.0999999999999996
45.1367999999999938 14.0228500000000000 4.0999999999999996
46.1444999999999936 14.0210200000000000 4.0999999999999996
47.1465000000000032 14.0240000000000009 4.0999999999999996
48.1426999999999978 14.0290600000000012 4.0999999999999996
49.1645000000000039 14.0424100000000003 4.0999999999999996
48.2536999999999949 14.9733499999999999 4.0999999999999996
49.1555999999999997 14.9979200000000006 4.0999999999999996
47.3385999999999996 14.9942400000000013 4.0999999999999996
46.4099999999999966 14.9928100000000004 4.0999999999999996
45.5810999999999993 14.9804300000000001 4.0999999999999996
44.6345999999999989 14.9830700000000014 4.0999999999999996
43.6470999999999947 14.9848300000000005 4.0999999999999996
42.6380999999999943 14.9872300000000003 4.0999999999999996
41.6430000000000007 14.9718200000000010 4.0999999999999996
40.6452000000000027 14.9785600000000017 4.0999999999999996
39.6480999999999995 14.9819300000000002 4.0999999999999996
38.6385000000000005 14.9822500000000005 4.0999999999999996
37.6362000000000023 14.9846700000000013 4.0999999999999996
36.6299999999999955 14.9804899999999996 4.0999999999999996
35.6355000000000004 14.9812300000000000 4.0999999999999996
34.6450299999999984 14.9846400000000006 4.0999999999999996
33.6354100000000003 14.9702800000000007 4.0999999999999996
32.6396000000000015 14.9799600000000002 4.0999999999999996
31.6395599999999995 14.9906800000000011 4.0999999999999996
30.6354199999999999 14.9786200000000012 4.0999999999999996
34.1374199999999988 13.9833600000000011 4.0999999999999996
33.1401299999999992 13.9753000000000007 4.0999999999999996
32.1354699999999980 13.9849800000000002 4.0999999999999996
31.1385499999999986 13.9772100000000012 4.0999999999999996
30.1447399999999988 13.9879100000000012 4.0999999999999996
29.1365699999999990 13.9802800000000005 4.0999999999999996
28.1453799999999994 13.9845600000000001 4.0999999999999996
29.6257899999999985 14.9898900000000008 4.0999999999999996
28.6302599999999998 14.9771300000000007 4.0999999999999996
27.6292899999999975 14.9722200000000001 4.0999999999999996
26.6314700000000002 14.9749700000000008 4.0999999999999996
25.6381899999999980 14.9648500000000002 4.0999999999999996
27.1357999999999997 13.9826200000000007 4.0999999999999996
24.6320879999999995 14.9771800000000006 4.0999999999999996
26.1177889999999984 13.9805400000000013 4.0999999999999996
25.1301309999999987 13.9712600000000009 4.0999999999999996
24.1299299999999981 13.9798400000000012 4.0999999999999996
23.1335199999999972 13.9694700000000012 4.0999999999999996
22.1328299999999984 13.9802500000000016 4.0999999999999996
21.1382999999999974 13.9723300000000012 4.0999999999999996
23.6210099999999983 14.9900300000000009 4.0999999999999996
22.6240799999999993 14.9783400000000011 4.0999999999999996
21.6211299999999973 14.9883699999999997 4.0999999999999996
20.6243499999999997 14.9811300000000003 4.0999999999999996
19.6265699999999974 14.9675500000000010 4.0999999999999996
20.1240799999999993 13.9731100000000001 4.0999999999999996
19.1279100000000000 13.9638800000000014 4.0999999999999996
18.1293399999999991 13.9691900000000011 4.0999999999999996
17.1197099999999978 13.9490100000000012 4.0999999999999996
16.1209300000000013 13.9693700000000014 4.0999999999999996
15.1165999999999983 13.9732400000000005 4.0999999999999996
14.1192999999999991 13.9747200000000014 4.0999999999999996
13.1135999999999981 13.9743600000000008 4.0999999999999996
18.6114999999999995 14.9803200000000007 4.0999999999999996
17.6251399999999983 14.9815700000000014 4.0999999999999996
16.6145099999999992 14.9785400000000006 4.0999999999999996
15.6164399999999990 14.9732300000000009 4.0999999999999996
14.6105999999999980 14.9728400000000015 4.0999999999999996
13.6163999999999987 14.9765400000000000 4.0999999999999996
12.6109999999999989 14.9807600000000001 4.0999999999999996
11.6059999999999981 14.9760799999999996 4.0999999999999996
10.6047999999999991 14.9819800000000001 4.0999999999999996
9.6002999999999989 14.9855900000000002 4.0999999999999996
12.1029999999999980 13.9714300000000016 4.0999999999999996
11.0931999999999995 13.9129800000000010 4.0999999999999996
10.1232999999999986 14.0078400000000016 4.0999999999999996
8.5885999999999996 14.9698799999999999 4.0999999999999996
7.5987999999999971 14.9858200000000004 4.0999999999999996
6.5982999999999983 14.9782800000000016 4.0999999999999996
5.5951999999999984 14.9846700000000013 4.0999999999999996
4.5959000000000003 14.9937000000000005 4.0999999999999996
3.6849999999999987 14.9931700000000010 4.0999999999999996
2.7759999999999998 14.9821600000000004 4.0999999999999996
1.8795999999999999 14.9866700000000002 4.0999999999999996
0.9765999999999977 14.9880800000000001 4.0999999999999996
0.0718999999999994 14.9879500000000014 4.0999999999999996
9.1073999999999984 13.9994200000000006 4.0999999999999996
8.1150999999999982 13.9992700000000010 4.0999999999999996
7.1071999999999989 13.9979900000000015 4.0999999999999996
6.1192999999999991 13.9802200000000010 4.0999999999999996
47.1530999999999949 15.9933800000000002 4.0999999999999996
48.1527999999999992 15.9994500000000013 4.0999999999999996
49.1627999999999972 16.0231200000000022 4.0999999999999996
46.1499999999999986 15.9931500000000000 4.0999999999999996
45.1294000000000040 16.0007699999999993 4.0999999999999996
44.1345000000000027 15.9809700000000010 4.0999999999999996
43.1285000000000025 15.9984400000000004 4.0999999999999996
42.1426999999999978 16.0033300000000018 4.0999999999999996
41.1460000000000008 15.9969000000000001 4.0999999999999996
40.1492999999999967 15.9991000000000003 4.0999999999999996
39.1325999999999965 15.9945300000000010 4.0999999999999996
38.1323000000000008 15.9930000000000003 4.0999999999999996
37.1325999999999965 15.9890800000000013 4.0999999999999996
36.1312999999999960 15.9878099999999996 4.0999999999999996
35.1355700000000013 15.9946500000000000 4.0999999999999996
34.1351499999999959 15.9935200000000002 4.0999999999999996
33.1291399999999996 15.9832800000000006 4.0999999999999996
32.1285299999999978 15.9893000000000001 4.0999999999999996
31.1298199999999987 15.9854500000000002 4.0999999999999996
30.1365599999999993 15.9893700000000010 4.0999999999999996
29.1291499999999992 15.9953300000000009 4.0999999999999996
28.1322499999999991 15.9996000000000009 4.0999999999999996
27.1306799999999981 15.9994800000000001 4.0999999999999996
49.1700999999999979 17.0035500000000006 4.0999999999999996
48.2505000000000024 16.9958700000000000 4.0999999999999996
47.3567999999999998 16.9978499999999997 4.0999999999999996
46.4753999999999934 17.0250899999999987 4.0999999999999996
45.5464999999999947 16.9929300000000012 4.0999999999999996
44.6332999999999984 16.9794800000000023 4.0999999999999996
43.6484999999999985 16.9952000000000005 4.0999999999999996
42.6530999999999949 16.9953399999999988 4.0999999999999996
41.6456000000000017 16.9747699999999995 4.0999999999999996
40.6483999999999952 16.9842399999999998 4.0999999999999996
39.6433999999999997 16.9844800000000014 4.0999999999999996
38.6363999999999947 16.9789600000000007 4.0999999999999996
37.6376999999999953 16.9828100000000006 4.0999999999999996
36.6280999999999963 16.9840100000000014 4.0999999999999996
35.6340000000000003 16.9925700000000006 4.0999999999999996
34.6363800000000026 16.9890800000000013 4.0999999999999996
33.6276900000000012 16.9759899999999995 4.0999999999999996
32.6355599999999981 16.9844500000000025 4.0999999999999996
31.6368899999999975 16.9905000000000008 4.0999999999999996
30.6317799999999991 16.9804600000000008 4.0999999999999996
29.6246699999999983 16.9901599999999995 4.0999999999999996
28.6318899999999985 16.9853100000000019 4.0999999999999996
27.6199899999999978 16.9766499999999994 4.0999999999999996
26.6220599999999976 16.9876000000000005 4.0999999999999996
25.6312189999999980 16.9853400000000008 4.0999999999999996
24.6317759999999986 16.9925999999999995 4.0999999999999996
26.1118689999999987 15.9908999999999999 4.0999999999999996
25.1181799999999988 15.9779100000000014 4.0999999999999996
24.1142699999999977 15.9932200000000009 4.0999999999999996
23.1234699999999975 15.9831300000000009 4.0999999999999996
22.1155399999999993 15.9878500000000017 4.0999999999999996
21.1257899999999985 15.9932499999999997 4.0999999999999996
20.1129199999999990 15.9942799999999998 4.0999999999999996
19.1090499999999999 15.9912700000000001 4.0999999999999996
18.1098999999999997 15.9853000000000005 4.0999999999999996
17.1088799999999992 15.9866700000000002 4.0999999999999996
16.1052099999999996 15.9955400000000001 4.0999999999999996
15.1041999999999987 15.9921100000000003 4.0999999999999996
14.1023999999999994 15.9965299999999999 4.0999999999999996
23.6112499999999983 16.9974300000000014 4.0999999999999996
22.6183599999999991 16.9780599999999993 4.0999999999999996
21.6182599999999994 16.9898999999999987 4.0999999999999996
20.6069899999999997 16.9872399999999999 4.0999999999999996
19.6181199999999976 16.9807500000000005 4.0999999999999996
18.6035100000000000 16.9940800000000003 4.0999999999999996
17.6057599999999965 16.9928900000000027 4.0999999999999996
16.6073299999999975 16.9898200000000017 4.0999999999999996
15.6161299999999983 16.9887599999999992 4.0999999999999996
13.0953999999999979 15.9878700000000009 4.0999999999999996
12.1012999999999984 15.9902400000000000 4.0999999999999996
11.1031999999999993 15.9932499999999997 4.0999999999999996
10.0973999999999986 15.9960200000000015 4.0999999999999996
9.0978999999999992 15.9921800000000012 4.0999999999999996
14.6021999999999981 16.9857700000000023 4.0999999999999996
13.6030999999999995 16.9872300000000003 4.0999999999999996
12.5978999999999992 16.9837200000000017 4.0999999999999996
11.5940999999999992 16.9871499999999997 4.0999999999999996
10.5941999999999990 16.9929699999999997 4.0999999999999996
8.0960000000000001 16.0046999999999997 4.0999999999999996
49.1460999999999970 18.0151900000000005 4.0999999999999996
48.1664999999999992 18.0039200000000008 4.0999999999999996
47.1612999999999971 17.9980200000000004 4.0999999999999996
46.1423999999999950 18.0113400000000006 4.0999999999999996
45.1321999999999974 17.9972199999999987 4.0999999999999996
44.1373999999999995 17.9893399999999986 4.0999999999999996
43.1435999999999993 18.0031900000000000 4.0999999999999996
42.1482000000000028 17.9953099999999999 4.0999999999999996
41.1452000000000027 17.9962300000000006 4.0999999999999996
40.1473000000000013 17.9967199999999998 4.0999999999999996
39.1342999999999961 17.9872499999999995 4.0999999999999996
38.1325000000000003 17.9920299999999997 4.0999999999999996
37.1389999999999958 17.9960900000000024 4.0999999999999996
36.1389999999999958 17.9908199999999994 4.0999999999999996
35.1423999999999950 17.9962400000000002 4.0999999999999996
34.1422099999999986 17.9974899999999991 4.0999999999999996
33.1266600000000011 17.9871499999999997 4.0999999999999996
32.1307399999999959 17.9913999999999987 4.0999999999999996
31.1277699999999982 17.9904800000000016 4.0999999999999996
30.1306799999999981 18.0009900000000016 4.0999999999999996
29.1291799999999981 18.0031600000000012 4.0999999999999996
28.1325699999999976 17.9892600000000016 4.0999999999999996
27.1268899999999995 17.9978699999999989 4.0999999999999996
26.1211589999999987 18.0002800000000001 4.0999999999999996
25.1142609999999991 17.9964599999999990 4.0999999999999996
24.1194299999999977 18.0045800000000007 4.0999999999999996
23.1234799999999971 17.9934200000000004 4.0999999999999996
22.1177499999999974 17.9916300000000007 4.0999999999999996
21.1172899999999970 17.9997199999999999 4.0999999999999996
20.1086399999999976 17.9903399999999998 4.0999999999999996
19.1067199999999993 17.9990999999999985 4.0999999999999996
18.1095100000000002 18.0035400000000010 4.0999999999999996
17.1049999999999969 17.9948900000000016 4.0999999999999996
16.0924300000000002 18.0024000000000015 4.0999999999999996
15.0936999999999983 18.0030600000000014 4.0999999999999996
14.0968999999999980 17.9933600000000027 4.0999999999999996
13.0929999999999982 17.9990799999999993 4.0999999999999996
12.0878999999999994 17.9923600000000015 4.0999999999999996
11.0914999999999981 17.9973099999999988 4.0999999999999996
10.0864999999999991 18.0009800000000020 4.0999999999999996
9.0829999999999984 17.9990400000000008 4.0999999999999996
8.0885999999999996 17.9996299999999998 4.0999999999999996
7.1037999999999997 18.0199400000000018 4.0999999999999996
48.2561000000000035 19.0114100000000015 4.0999999999999996
49.1537000000000006 19.0396999999999998 4.0999999999999996
47.3387000000000029 19.0192900000000016 4.0999999999999996
46.4547999999999988 19.0212500000000020 4.0999999999999996
45.5523999999999987 19.0118100000000005 4.0999999999999996
44.6413000000000011 19.0059100000000001 4.0999999999999996
43.6456000000000017 19.0120399999999989 4.0999999999999996
42.6449999999999960 19.0158400000000007 4.0999999999999996
41.6460000000000008 19.0153299999999987 4.0999999999999996
40.6407999999999987 19.0028500000000022 4.0999999999999996
39.6379000000000019 18.9957700000000003 4.0999999999999996
38.6278000000000006 18.9977799999999988 4.0999999999999996
37.6360999999999990 18.9999099999999999 4.0999999999999996
36.6263999999999967 19.0074800000000010 4.0999999999999996
35.6360999999999990 19.0021599999999999 4.0999999999999996
34.6352799999999945 19.0127999999999986 4.0999999999999996
33.6243899999999982 18.9970900000000000 4.0999999999999996
32.6297799999999967 19.0063200000000023 4.0999999999999996
31.6316299999999977 19.0155500000000011 4.0999999999999996
30.6275599999999990 19.0052200000000013 4.0999999999999996
49.1666000000000025 20.0121600000000015 4.0999999999999996
48.1744999999999948 20.0051200000000016 4.0999999999999996
47.1664999999999992 20.0016099999999994 4.0999999999999996
46.1482999999999990 20.0106700000000011 4.0999999999999996
45.1317999999999984 20.0128699999999995 4.0999999999999996
44.1418999999999997 19.9971500000000013 4.0999999999999996
43.1563999999999979 20.0068200000000012 4.0999999999999996
42.1482000000000028 19.9996299999999998 4.0999999999999996
41.1437999999999988 20.0031400000000019 4.0999999999999996
40.1396999999999977 20.0073700000000017 4.0999999999999996
39.1351000000000013 20.0008200000000009 4.0999999999999996
38.1179999999999950 20.0104299999999995 4.0999999999999996
37.1355000000000004 20.0043199999999999 4.0999999999999996
36.1383999999999972 20.0005799999999994 4.0999999999999996
35.1329999999999956 20.0066500000000005 4.0999999999999996
34.1259999999999977 20.0087600000000023 4.0999999999999996
33.1294299999999993 20.0051400000000008 4.0999999999999996
32.1316799999999958 20.0137700000000009 4.0999999999999996
31.1224399999999974 20.0026100000000007 4.0999999999999996
30.1377799999999993 19.9967600000000019 4.0999999999999996
29.6218999999999966 19.0129599999999996 4.0999999999999996
28.6154599999999988 19.0108700000000006 4.0999999999999996
27.6196299999999972 19.0044700000000013 4.0999999999999996
29.1290199999999970 20.0043100000000003 4.0999999999999996
28.1215799999999980 20.0005500000000005 4.0999999999999996
27.1177700000000002 20.0086100000000009 4.0999999999999996
26.6135099999999980 19.0102700000000020 4.0999999999999996
25.6217439999999996 19.0085200000000007 4.0999999999999996
24.6198090000000001 19.0105700000000013 4.0999999999999996
26.1114800000000002 20.0147699999999986 4.0999999999999996
25.1098350000000003 20.0048200000000023 4.0999999999999996
24.1133999999999986 20.0183700000000009 4.0999999999999996
23.1192799999999998 19.9972300000000018 4.0999999999999996
23.6074399999999969 19.0138500000000015 4.0999999999999996
22.6109999999999971 19.0093200000000024 4.0999999999999996
21.6094099999999969 19.0154899999999998 4.0999999999999996
22.1057399999999973 19.9970500000000015 4.0999999999999996
21.1053299999999986 20.0077199999999991 4.0999999999999996
20.5952199999999976 19.0118700000000018 4.0999999999999996
19.6074199999999976 19.0031600000000012 4.0999999999999996
20.0955599999999990 19.9988000000000028 4.0999999999999996
19.1012999999999984 20.0109600000000007 4.0999999999999996
18.0985999999999976 20.0083699999999993 4.0999999999999996
17.0907799999999988 19.9977400000000003 4.0999999999999996
16.0902499999999975 20.0024200000000008 4.0999999999999996
15.0910999999999991 20.0061900000000001 4.0999999999999996
18.5978599999999972 19.0081899999999990 4.0999999999999996
17.5873999999999988 19.0067000000000021 4.0999999999999996
16.5942699999999981 19.0149200000000000 4.0999999999999996
15.5963699999999985 19.0098400000000005 4.0999999999999996
14.5880999999999990 18.9958400000000012 4.0999999999999996
13.5914999999999981 19.0076900000000002 4.0999999999999996
14.0817999999999994 19.9979700000000022 4.0999999999999996
13.0855999999999995 20.0138400000000019 4.0999999999999996
12.0757999999999992 20.0144000000000020 4.0999999999999996
11.0792999999999981 19.9997000000000007 4.0999999999999996
10.0778999999999979 20.0078200000000024 4.0999999999999996
12.5793999999999979 18.9965000000000011 4.0999999999999996
11.5809999999999995 19.0025499999999994 4.0999999999999996
10.5799999999999983 19.0036699999999996 4.0999999999999996
48.2556999999999974 21.0111500000000007 4.0999999999999996
47.3563999999999936 21.0116799999999984 4.0999999999999996
46.4699999999999989 21.0222600000000028 4.0999999999999996
49.1736999999999966 21.0275200000000027 4.0999999999999996
45.5514000000000010 21.0073800000000013 4.0999999999999996
44.6482000000000028 21.0037300000000009 4.0999999999999996
43.6559000000000026 21.0171899999999994 4.0999999999999996
42.6522999999999968 21.0161400000000000 4.0999999999999996
41.6424999999999983 21.0067099999999982 4.0999999999999996
40.6415999999999968 21.0213700000000010 4.0999999999999996
39.6379999999999981 21.0078500000000012 4.0999999999999996
38.6278999999999968 21.0052700000000030 4.0999999999999996
37.6424999999999983 21.0131300000000003 4.0999999999999996
36.6266999999999996 21.0175300000000007 4.0999999999999996
35.6345999999999989 21.0146799999999985 4.0999999999999996
34.6469400000000007 21.0174300000000009 4.0999999999999996
33.6214499999999958 21.0105599999999981 4.0999999999999996
32.6337299999999999 21.0136299999999991 4.0999999999999996
31.6276499999999992 21.0085400000000000 4.0999999999999996
30.6228499999999997 21.0059800000000010 4.0999999999999996
29.6246699999999983 21.0274500000000018 4.0999999999999996
28.6230399999999996 21.0129500000000000 4.0999999999999996
27.6121999999999979 21.0101599999999991 4.0999999999999996
26.6191599999999973 21.0250200000000014 4.0999999999999996
25.6120279999999987 21.0178700000000021 4.0999999999999996
24.6210149999999999 21.0155999999999992 4.0999999999999996
49.1676999999999964 22.0312400000000004 4.0999999999999996
48.1692999999999998 22.0278899999999993 4.0999999999999996
47.1628999999999934 22.0225800000000014 4.0999999999999996
46.1477000000000004 22.0266300000000008 4.0999999999999996
45.1456000000000017 22.0257100000000001 4.0999999999999996
44.1621999999999986 22.0167700000000011 4.0999999999999996
43.1602999999999994 22.0302700000000016 4.0999999999999996
42.1487999999999943 22.0152000000000001 4.0999999999999996
41.1480999999999995 22.0128400000000006 4.0999999999999996
40.1443000000000012 22.0258900000000004 4.0999999999999996
39.1383000000000010 22.0274500000000018 4.0999999999999996
38.1376999999999953 22.0157500000000006 4.0999999999999996
37.1360999999999990 22.0229500000000016 4.0999999999999996
36.1388999999999996 22.0142400000000009 4.0999999999999996
35.1293500000000023 22.0218699999999998 4.0999999999999996
34.1183399999999963 22.0198400000000021 4.0999999999999996
33.1307299999999998 22.0136800000000008 4.0999999999999996
32.1255799999999994 22.0221400000000003 4.0999999999999996
31.1217199999999998 22.0204000000000022 4.0999999999999996
30.1459399999999995 22.0241900000000008 4.0999999999999996
29.1199499999999993 22.0247500000000009 4.0999999999999996
28.1211699999999993 22.0119800000000012 4.0999999999999996
27.1192799999999998 22.0246500000000012 4.0999999999999996
26.1101259999999975 22.0265100000000018 4.0999999999999996
25.1027269999999980 22.0127900000000025 4.0999999999999996
24.1033899999999974 22.0255100000000006 4.0999999999999996
23.1116999999999990 22.0159700000000029 4.0999999999999996
22.0973899999999972 22.0156400000000012 4.0999999999999996
21.0924999999999976 22.0191500000000033 4.0999999999999996
20.0890399999999971 22.0140500000000010 4.0999999999999996
19.0885800000000003 22.0253700000000023 4.0999999999999996
18.0880899999999976 22.0178399999999996 4.0999999999999996
17.0840299999999985 22.0236200000000011 4.0999999999999996
16.0770099999999978 22.0289199999999994 4.0999999999999996
23.6018899999999974 21.0268100000000011 4.0999999999999996
22.6115299999999984 21.0260200000000026 4.0999999999999996
21.6018299999999996 21.0226700000000015 4.0999999999999996
20.5976099999999995 21.0160800000000023 4.0999999999999996
19.6006099999999996 21.0084900000000019 4.0999999999999996
48.2634999999999934 23.0200999999999993 4.0999999999999996
47.3627000000000038 23.0209000000000010 4.0999999999999996
46.4746999999999986 23.0187000000000026 4.0999999999999996
49.1895999999999987 23.0315000000000012 4.0999999999999996
45.5554999999999950 23.0207000000000015 4.0999999999999996
44.6606999999999985 23.0189999999999984 4.0999999999999996
43.6646999999999963 23.0159000000000020 4.0999999999999996
42.6542999999999992 23.0167999999999999 4.0999999999999996
41.6418999999999997 23.0135000000000005 4.0999999999999996
40.6400000000000006 23.0204000000000022 4.0999999999999996
39.6332000000000022 23.0163000000000011 4.0999999999999996
38.6295999999999964 23.0193000000000012 4.0999999999999996
37.6319999999999979 23.0155999999999992 4.0999999999999996
36.6316999999999950 23.0185999999999993 4.0999999999999996
35.6286999999999949 23.0168999999999997 4.0999999999999996
34.6262899999999973 23.0206000000000017 4.0999999999999996
33.6222999999999956 23.0172999999999988 4.0999999999999996
32.6283499999999975 23.0228000000000002 4.0999999999999996
31.6246899999999975 23.0228000000000002 4.0999999999999996
30.6214399999999998 23.0177000000000014 4.0999999999999996
29.6148899999999990 23.0225000000000009 4.0999999999999996
28.6135699999999993 23.0244000000000000 4.0999999999999996
27.6061699999999988 23.0198000000000000 4.0999999999999996
26.6143000000000001 23.0266999999999982 4.0999999999999996
25.6066539999999989 23.0207000000000015 4.0999999999999996
24.6047200000000004 23.0234000000000023 4.0999999999999996
23.5923799999999986 23.0299000000000014 4.0999999999999996
22.5978999999999992 23.0187999999999988 4.0999999999999996
21.5929399999999987 23.0326999999999984 4.0999999999999996
20.5847799999999985 23.0307000000000031 4.0999999999999996
19.5849899999999977 23.0270000000000010 4.0999999999999996
18.5747399999999985 23.0354999999999990 4.0999999999999996
17.5727899999999977 23.0260999999999996 4.0999999999999996
16.5728200000000001 23.0264999999999986 4.0999999999999996
15.5776199999999978 23.0319000000000003 4.0999999999999996
18.5873699999999999 21.0232299999999981 4.0999999999999996
17.5805699999999980 21.0171100000000024 4.0999999999999996
16.5827899999999993 21.0214399999999983 4.0999999999999996
15.5925599999999989 21.0311099999999982 4.0999999999999996
14.5855999999999995 21.0193200000000004 4.0999999999999996
14.5723999999999982 23.0269000000000013 4.0999999999999996
13.5798999999999985 21.0249500000000005 4.0999999999999996
13.5673999999999992 23.0262000000000029 4.0999999999999996
12.5740999999999978 21.0204999999999984 4.0999999999999996
11.5687999999999995 21.0168500000000016 4.0999999999999996
15.0629999999999988 22.0294600000000003 4.0999999999999996
14.0714999999999986 22.0184100000000029 4.0999999999999996
13.0715999999999983 22.0305400000000020 4.0999999999999996
12.5590999999999990 23.0317000000000007 4.0999999999999996
11.5524999999999984 23.0253000000000014 4.0999999999999996
10.5620999999999992 21.0243700000000011 4.0999999999999996
9.5642999999999994 21.0167300000000026 4.0999999999999996
8.5641999999999996 21.0150399999999991 4.0999999999999996
7.5650999999999975 21.0245999999999995 4.0999999999999996
12.0578999999999983 22.0299699999999987 4.0999999999999996
11.0659999999999989 22.0205899999999986 4.0999999999999996
10.0600999999999985 22.0240300000000033 4.0999999999999996
9.0513999999999974 22.0194000000000010 4.0999999999999996
8.0503999999999998 22.0305800000000005 4.0999999999999996
10.5356999999999985 23.0241000000000007 4.0999999999999996
9.5441999999999982 23.0307000000000031 4.0999999999999996
8.5399999999999991 23.0317000000000007 4.0999999999999996
7.5559999999999974 23.0142999999999986 4.0999999999999996
9.5642999999999994 19.0102499999999992 4.0999999999999996
8.5749999999999993 19.0087299999999999 4.0999999999999996
7.5650999999999975 19.0106299999999990 4.0999999999999996
7.0423999999999971 22.0257000000000005 4.0999999999999996
6.0425000000000004 22.0259700000000009 4.0999999999999996
9.0625999999999998 20.0049899999999994 4.0999999999999996
8.0625999999999998 20.0057200000000002 4.0999999999999996
7.0626999999999995 20.0129700000000028 4.0999999999999996
9.5785999999999980 16.9860199999999999 4.0999999999999996
8.5845999999999982 16.9896600000000007 4.0999999999999996
7.5887999999999991 16.9929200000000016 4.0999999999999996
6.5560999999999972 21.0230099999999993 4.0999999999999996
5.5488999999999997 21.0277200000000022 4.0999999999999996
5.0335999999999999 22.0304099999999998 4.0999999999999996
6.5549999999999997 19.0148299999999999 4.0999999999999996
5.5639000000000003 19.0033700000000003 4.0999999999999996
4.5567999999999991 19.0081799999999994 4.0999999999999996
3.6557999999999993 19.0132499999999993 4.0999999999999996
2.7444999999999986 19.0044900000000005 4.0999999999999996
1.8356999999999992 19.0034100000000024 4.0999999999999996
0.9505999999999979 19.0214700000000008 4.0999999999999996
0.0384999999999991 19.0284100000000009 4.0999999999999996
7.0797999999999988 15.9986400000000017 4.0999999999999996
6.0863999999999976 15.9962000000000018 4.0999999999999996
5.0843999999999987 15.9984700000000011 4.0999999999999996
4.0230999999999995 22.0348000000000006 4.0999999999999996
3.0320000000000000 22.0165000000000006 4.0999999999999996
2.0228999999999999 22.0305400000000020 4.0999999999999996
1.0219999999999985 22.0234000000000023 4.0999999999999996
49.1830999999999960 24.0583000000000027 4.0999999999999996
48.1777000000000015 24.0506000000000029 4.0999999999999996
47.1657000000000011 24.0302000000000007 4.0999999999999996
46.1486000000000018 24.0405000000000015 4.0999999999999996
45.1490000000000009 24.0403999999999982 4.0999999999999996
44.1525000000000034 24.0324999999999989 4.0999999999999996
43.1534999999999940 24.0381000000000000 4.0999999999999996
42.1453999999999951 24.0360000000000014 4.0999999999999996
41.1471999999999980 24.0367000000000033 4.0999999999999996
40.1396999999999977 24.0411000000000001 4.0999999999999996
39.1317999999999984 24.0382999999999996 4.0999999999999996
38.1450999999999993 24.0444999999999993 4.0999999999999996
37.1336999999999975 24.0420000000000016 4.0999999999999996
36.1387999999999963 24.0335000000000001 4.0999999999999996
35.1312599999999975 24.0436000000000014 4.0999999999999996
34.1209800000000030 24.0457000000000001 4.0999999999999996
33.1215199999999967 24.0369999999999990 4.0999999999999996
32.1247299999999996 24.0454000000000008 4.0999999999999996
31.1114499999999978 24.0399000000000029 4.0999999999999996
30.1245699999999985 24.0454000000000008 4.0999999999999996
29.1216099999999969 24.0491000000000028 4.0999999999999996
28.1188199999999995 24.0397999999999996 4.0999999999999996
27.1085599999999971 24.0454000000000008 4.0999999999999996
26.1011329999999973 24.0518000000000001 4.0999999999999996
25.0980819999999980 24.0382000000000033 4.0999999999999996
24.0973499999999987 24.0551000000000030 4.0999999999999996
23.1116499999999974 24.0461999999999989 4.0999999999999996
22.0933599999999970 24.0441000000000003 4.0999999999999996
21.0869700000000009 24.0508000000000024 4.0999999999999996
20.0843199999999982 24.0422000000000011 4.0999999999999996
19.0835000000000008 24.0476000000000028 4.0999999999999996
18.0705299999999980 24.0512000000000015 4.0999999999999996
17.0765999999999991 24.0421000000000014 4.0999999999999996
16.0753599999999963 24.0588000000000015 4.0999999999999996
15.0673999999999992 24.0561000000000007 4.0999999999999996
14.0632999999999981 24.0457999999999998 4.0999999999999996
13.0589999999999993 24.0536000000000030 4.0999999999999996
12.0446999999999989 24.0540000000000020 4.0999999999999996
11.0478999999999985 24.0528000000000013 4.0999999999999996
10.0493999999999986 24.0570000000000022 4.0999999999999996
9.0461999999999989 24.0470000000000006 4.0999999999999996
8.0401999999999987 24.0491999999999990 4.0999999999999996
7.0364000000000004 24.0457999999999998 4.0999999999999996
6.5762000000000000 16.9941600000000008 4.0999999999999996
5.5754999999999981 16.9828600000000023 4.0999999999999996
4.5736999999999988 16.9935399999999994 4.0999999999999996
3.6700999999999979 16.9829000000000008 4.0999999999999996
2.7595999999999989 16.9692900000000009 4.0999999999999996
1.8614999999999995 16.9839599999999997 4.0999999999999996
0.9658999999999978 16.9727400000000017 4.0999999999999996
0.0581999999999994 16.9894700000000007 4.0999999999999996
6.0213999999999999 24.0491000000000028 4.0999999999999996
5.0158999999999985 24.0630999999999986 4.0999999999999996
4.0108999999999995 24.0555999999999983 4.0999999999999996
3.0057999999999971 24.0499000000000009 4.0999999999999996
2.0128999999999984 24.0564000000000000 4.0999999999999996
4.5365000000000002 21.0386500000000005 4.0999999999999996
3.6370000000000005 21.0221599999999995 4.0999999999999996
2.7331000000000003 21.0219700000000032 4.0999999999999996
1.8255999999999979 21.0310899999999990 4.0999999999999996
0.9283999999999999 21.0466800000000021 4.0999999999999996
0.0200999999999993 21.0419300000000007 4.0999999999999996
6.0419999999999980 19.9948000000000015 4.0999999999999996
5.0544999999999973 20.0210800000000013 4.0999999999999996
0.9996999999999971 24.0640000000000001 4.0999999999999996
0.0000000000000000 24.0572000000000017 4.0999999999999996
4.0701999999999998 15.9915300000000009 4.0999999999999996
3.0702999999999996 15.9962700000000009 4.0999999999999996
2.0768999999999984 16.0070599999999992 4.0999999999999996
4.0366999999999997 20.0172300000000014 4.0999999999999996
3.0388999999999982 19.9998500000000021 4.0999999999999996
2.0482999999999976 20.0143100000000018 4.0999999999999996
5.1024999999999991 13.9864700000000006 4.0999999999999996
4.0974000000000004 13.9761600000000001 4.0999999999999996
3.1016999999999975 13.9808400000000006 4.0999999999999996
0.0142999999999986 22.0422900000000013 4.0999999999999996
1.0625000000000000 16.0013199999999998 4.0999999999999996
0.0581999999999994 15.9997500000000006 4.0999999999999996
6.0825999999999993 17.9916499999999999 4.0999999999999996
5.0698999999999970 17.9936199999999999 4.0999999999999996
4.0609000000000002 18.0028600000000019 4.0999999999999996
3.0445999999999991 18.0078899999999997 4.0999999999999996
2.0616999999999983 18.0009200000000007 4.0999999999999996
1.0539999999999985 18.0076299999999989 4.0999999999999996
0.0618999999999978 18.0067000000000021 4.0999999999999996
2.0841999999999992 13.9888700000000004 4.0999999999999996
1.0889999999999986 13.9959699999999998 4.0999999999999996
0.0989000000000004 14.0016800000000003 4.0999999999999996
1.0282999999999980 20.0175000000000018 4.0999999999999996
0.0377999999999972 20.0265100000000018 4.0999999999999996
6.5118999999999971 23.0551000000000030 4.0999999999999996
5.5259000000000000 23.0257000000000005 4.0999999999999996
4.5212000000000003 23.0341999999999985 4.0999999999999996
3.6182999999999979 23.0365000000000002 4.0999999999999996
2.7174999999999976 23.0319000000000003 4.0999999999999996
1.7965999999999980 23.0343000000000018 4.0999999999999996
0.9131999999999998 23.0344000000000015 4.0999999999999996
0.0085999999999977 23.0461999999999989 4.0999999999999996
