20
1.0000000000000000 0.0000000000000000
1.0157894736842106 0.0935227392708360
1.0315789473684212 0.2022942318840819
1.0473684210526315 0.3410465605926252
1.0631578947368421 0.5240611229892411
1.0789473684210527 0.7653569976447168
1.0947368421052632 1.0789752917411963
1.1105263157894738 1.4793845197740421
1.1263157894736842 1.9820322361709399
1.1421052631578947 2.6040726192919657
1.1578947368421053 3.3653094231741179
1.1736842105263159 4.2894100156933437
1.1894736842105265 5.4054710969688271
1.2052631578947368 6.7500531767089971
1.2210526315789474 8.3698536711243143
1.2368421052631580 10.3252648178855804
1.2526315789473685 12.6951737629796089
1.2684210526315789 15.5835256744453936
1.2842105263157895 19.1284140189482237
1.3000000000000000 23.5148284693238168
