20
1.0000000000000000 0.0000000000000000
1.0157894736842106 0.4863927550051730
1.0315789473684212 1.0206861867103392
1.0473684210526315 1.6211797346467147
1.0631578947368421 2.3058191000591410
1.0789473684210527 3.0931138252350472
1.0947368421052632 4.0032981933472840
1.1105263157894738 5.0595557536833571
1.1263157894736842 6.2893326453055547
1.1421052631578947 7.7258648133937609
1.1578947368421053 9.4100773649443070
1.1736842105263159 11.3930369592353031
1.1894736842105265 13.7391792567813393
1.2052631578947368 16.5306060168975861
1.2210526315789474 19.8728609063780084
1.2368421052631580 23.9027648622238260
1.2526315789473685 28.7991460546059628
1.2684210526315789 34.7976762944985722
1.2842105263157895 42.2115885283042047
1.3000000000000000 51.4608988985330953
