20
1.0000000000000000 0.0000000000000000
1.0157894736842106 0.8536568746746425
1.0315789473684212 1.8444135112239959
1.0473684210526315 2.9942895058033487
1.0631578947368421 4.3219043949559781
1.0789473684210527 5.8543441591205827
1.0947368421052632 7.6282715855323220
1.1105263157894738 9.6907816360551422
1.1263157894736842 12.1011586234602575
1.1421052631578947 14.9336919491226752
1.1578947368421053 18.2817518167407300
1.1736842105263159 22.2634475365561002
1.1894736842105265 27.0293513821053928
1.2052631578947368 32.7730002813491694
1.2210526315789474 39.7452182131199194
1.2368421052631580 48.2737798495201815
1.2526315789473685 58.7906340511151271
1.2684210526315789 71.8699405532534428
1.2842105263157895 88.2817273609543349
1.3000000000000000 109.0683387143271688
