20
1.0000000000000000 0.0000000000000000
1.0157894736842106 0.3951695909712774
1.0315789473684212 0.8149355339402051
1.0473684210526315 1.2683285602569230
1.0631578947368421 1.7658022433078919
1.0789473684210527 2.3200015963541256
1.0947368421052632 2.9467901372253706
1.1105263157894738 3.6666540829909042
1.1263157894736842 4.5066605818968641
1.1421052631578947 5.5032386423466084
1.1578947368421053 6.7061958803789699
1.1736842105263159 8.1846138846130696
1.1894736842105265 10.0356352559886552
1.2052631578947368 12.3977616593716462
1.2210526315789474 15.4712915359690584
1.2368421052631580 19.5502353097646484
1.2526315789473685 25.0729908079872530
1.2684210526315789 32.7042250781959041
1.2842105263157895 43.4696256903149987
1.3000000000000000 58.9819477448518086
