20
1.0000000000000000 -0.0000000000000018
1.0157894736842106 0.1159153142567613
1.0315789473684212 0.2394313113418569
1.0473684210526315 0.3778896423621876
1.0631578947368421 0.5384026673062507
1.0789473684210527 0.7279400645214351
1.0947368421052632 0.9534574756896008
1.1105263157894738 1.2220781332623805
1.1263157894736842 1.5413382634690747
1.1421052631578947 1.9195086408233211
1.1578947368421053 2.3660083330919068
1.1736842105263159 2.8919329029126146
1.1894736842105265 3.5107288337729425
1.2052631578947368 4.2390597937769723
1.2210526315789474 5.0979301704287394
1.2368421052631580 6.1141595938937741
1.2526315789473685 7.3223427233073348
1.2684210526315789 8.7674872364505312
1.2842105263157895 10.5086087173188183
1.3000000000000000 12.6236878848339913
