20
1.0000000000000000 0.0000000000000000
1.0157894736842106 0.6986826314448091
1.0315789473684212 1.4883162365702152
1.0473684210526315 2.3994097149397535
1.0631578947368421 3.4635930062452216
1.0789473684210527 4.7191991016942492
1.0947368421052632 6.2163696938049515
1.1105263157894738 8.0223195112695418
1.1263157894736842 10.2280196121497013
1.1421052631578947 12.9575641001476924
1.1578947368421053 16.3817623937600914
1.1736842105263159 20.7381893161081621
1.1894736842105265 26.3611469823592373
1.2052631578947368 33.7270274954332905
1.2210526315789474 43.5239495249337836
1.2368421052631580 56.7602360458987292
1.2526315789473685 74.9360286464842176
1.2684210526315789 100.3192290813507839
1.2842105263157895 136.3968119112851127
1.3000000000000000 188.6262590563938772
