20
1.0000000000000000 0.0000000000000000
1.0157894736842106 0.0844674703969375
1.0315789473684212 0.1922696241336650
1.0473684210526315 0.3459365550874218
1.0631578947368421 0.5672400161094413
1.0789473684210527 0.8773527506810206
1.0947368421052632 1.2970526380847787
1.1105263157894738 1.8469845548825887
1.1263157894736842 2.5479912400211155
1.1421052631578947 3.4215239928065238
1.1578947368421053 4.4901447786715192
1.1736842105263159 5.7781333563008932
1.1894736842105265 7.3122165112953681
1.2052631578947368 9.1224415935314429
1.2210526315789474 11.2432236078166667
1.2368421052631580 13.7146045285133145
1.2526315789473685 16.5837759029438523
1.2684210526315789 19.9069320217836498
1.2842105263157895 23.7515421450060913
1.3000000000000000 28.1991581127558035
