20
1.0000000000000000 0.0000000000000000
1.0157894736842106 0.1566553254524914
1.0315789473684212 0.3265393739109559
1.0473684210526315 0.5224302158156733
1.0631578947368421 0.7567060905591667
1.0789473684210527 1.0414938393257316
1.0947368421052632 1.3888886644942771
1.1105263157894738 1.8112637848560347
1.1263157894736842 2.3216882151714202
1.1421052631578947 2.9344734543899840
1.1578947368421053 3.6658758789714927
1.1736842105263159 4.5349918937146674
1.1894736842105265 5.5648985450729977
1.2052631578947368 6.7841150832471104
1.2210526315789474 8.2284935010126894
1.2368421052631580 9.9436923889392492
1.2526315789473685 11.9884546419722611
1.2684210526315789 14.4390049689332063
1.2842105263157895 17.3950221118686557
1.3000000000000000 20.9878452637376682
