20
1.0000000000000000 0.0000000000000000
1.0157894736842106 0.0910821618423454
1.0315789473684212 0.1997905410921024
1.0473684210526315 0.3431537604283985
1.0631578947368421 0.5376771125111990
1.0789473684210527 0.7995555263329974
1.0947368421052632 1.1449936759050194
1.1105263157894738 1.5906611641886084
1.1263157894736842 2.1543107365437191
1.1421052631578947 2.8555921884289734
1.1578947368421053 3.7171050308125526
1.1736842105263159 4.7657504789449394
1.1894736842105265 6.0344700304385537
1.2052631578947368 7.5644969822137202
1.2210526315789474 9.4083036003935732
1.2368421052631580 11.6335078574987243
1.2526315789473685 14.3281213590687599
1.2684210526315789 17.6076923812564132
1.2842105263157895 21.6251529963493923
1.3000000000000000 26.5845612611533468
