20
1.0000000000000000 0.0000000000000000
1.0157894736842106 0.3620377707804281
1.0315789473684212 0.7632088510006911
1.0473684210526315 1.2182679259543483
1.0631578947368421 1.7428372237281966
1.0789473684210527 2.3548517911534148
1.0947368421052632 3.0762992250968164
1.1105263157894738 3.9352257183366071
1.1263157894736842 4.9682397979184625
1.1421052631578947 6.2238756469029459
1.1578947368421053 7.7673026622420744
1.1736842105263159 9.6870711773637304
1.1894736842105265 12.1049263559670361
1.2052631578947368 15.1902830597232246
1.2210526315789474 19.1818687435289448
1.2368421052631580 24.4205431629198557
1.2526315789473685 31.3998024731877976
1.2684210526315789 40.8446964110139561
1.2842105263157895 53.8371342504444357
1.3000000000000000 72.0182105780572499
