20
1.0000000000000000 0.0000000000000000
1.0157894736842106 0.7591178191826042
1.0315789473684212 1.6261534607556918
1.0473684210526315 2.6353366487941150
1.0631578947368421 3.8176949386584358
1.0789473684210527 5.2081341033271649
1.0947368421052632 6.8511466889754722
1.1105263157894738 8.8055639186173416
1.1263157894736842 11.1497879647766478
1.1421052631578947 13.9886669912978121
1.1578947368421053 17.4631066156035217
1.1736842105263159 21.7637929898117086
1.1894736842105265 27.1510170213580793
1.2052631578947368 33.9836193204727550
1.2210526315789474 42.7617336764118647
1.2368421052631580 54.1906806937983134
1.2526315789473685 69.2777232833973926
1.2684210526315789 89.4806034639208292
1.2842105263157895 116.9388714005352199
1.3000000000000000 154.8396153058765492
