20
1.0000000000000000 0.0000000000000000
1.0157894736842106 0.5741642002247938
1.0315789473684212 1.1929380561414860
1.0473684210526315 1.8750163197262877
1.0631578947368421 2.6418844478354151
1.0789473684210527 3.5194544175081628
1.0947368421052632 4.5402648508767065
1.1105263157894738 5.7465119035472743
1.1263157894736842 7.1943132938355649
1.1421052631578947 8.9598256679112431
1.1578947368421053 11.1481834162664928
1.1736842105263159 13.9067896974038501
1.1894736842105265 17.4454149390143165
1.2052631578947368 22.0671024945805421
1.2210526315789474 28.2165049251989686
1.2368421052631580 36.5568104432475423
1.2526315789473685 48.0944054173361479
1.2684210526315789 64.3847510612105225
1.2842105263157895 87.8791929686250342
1.3000000000000000 122.5214842463391562
