20
1.0000000000000000 0.0000000000000000
1.0157894736842106 0.2912020373026158
1.0315789473684212 0.6152746387645474
1.0473684210526315 0.9844971750548686
1.0631578947368421 1.4105546084757936
1.0789473684210527 1.9054116859321950
1.0947368421052632 2.4824759403889365
1.1105263157894738 3.1578227661638731
1.1263157894736842 3.9515020720832297
1.1421052631578947 4.8890675785586986
1.1578947368421053 6.0035185896083023
1.1736842105263159 7.3378874111303158
1.1894736842105265 8.9487783573479760
1.2052631578947368 10.9112866939827988
1.2210526315789474 13.3259208799750546
1.2368421052631580 16.3284555389056187
1.2526315789473685 20.1041159919168990
1.2684210526315789 24.9082375601765911
1.2842105263157895 31.0967196588098034
1.3000000000000000 39.1714833761251668
