20
1.0000000000000000 0.0000000000000000
1.0157894736842106 0.5153318858788127
1.0315789473684212 1.0871909716193184
1.0473684210526315 1.7382350079705864
1.0631578947368421 2.4919604749084661
1.0789473684210527 3.3742108875135441
1.0947368421052632 4.4147236110302490
1.1105263157894738 5.6488258184911260
1.1263157894736842 7.1195581692815946
1.1421052631578947 8.8804857128264203
1.1578947368421053 10.9994746963697239
1.1736842105263159 13.5638086994035092
1.1894736842105265 16.6871850169553291
1.2052631578947368 20.5193876804929474
1.2210526315789474 25.2598174143506711
1.2368421052631580 31.1766416372462345
1.2526315789473685 38.6342239427985277
1.2684210526315789 48.1328886934567919
1.2842105263157895 60.3672789811172166
1.3000000000000000 76.3130861295262264
