20
1.0000000000000000 0.0000000000000000
1.0157894736842106 0.1058016640342765
1.0315789473684212 0.2266333618104701
1.0473684210526315 0.3770103793457626
1.0631578947368421 0.5709780801687590
1.0789473684210527 0.8222499947612092
1.0947368421052632 1.1444027168539819
1.1105263157894738 1.5511425525943281
1.1263157894736842 2.0566578691730379
1.1421052631578947 2.6760719750906263
1.1578947368421053 3.4260143908010967
1.1736842105263159 4.3253338976147990
1.1894736842105265 5.3959853033871816
1.2052631578947368 6.6641341938012051
1.2210526315789474 8.1615411650017720
1.2368421052631580 9.9273108045883003
1.2526315789473685 12.0101234296111308
1.2684210526315789 14.4711128695708364
1.2842105263157895 17.3876166468806694
1.3000000000000000 20.8581134951334981
