20
1.0000000000000000 0.0000000000000000
1.0157894736842106 0.1144375414564163
1.0315789473684212 0.2389447155918552
1.0473684210526315 0.3832493066038034
1.0631578947368421 0.5567802361955887
1.0789473684210527 0.7687906736850829
1.0947368421052632 1.0285435058361507
1.1105263157894738 1.3455754377147189
1.1263157894736842 1.7300560695345295
1.1421052631578947 2.1932611377232263
1.1578947368421053 2.7481853219081849
1.1736842105263159 3.4103304552417963
1.1894736842105265 4.1987208974484993
1.2052631578947368 5.1372211648019865
1.2210526315789474 6.2562646282362477
1.2368421052631580 7.5951507813181305
1.2526315789473685 9.2051393554772680
1.2684210526315789 11.1536734701994149
1.2842105263157895 13.5302183117367338
1.3000000000000000 16.4544337044806639
