20
1.0000000000000000 0.0000000000000000
1.0157894736842106 0.0904568588523815
1.0315789473684212 0.1892281309389201
1.0473684210526315 0.3043479178098956
1.0631578947368421 0.4436127162710299
1.0789473684210527 0.6147000712453945
1.0947368421052632 0.8253523253095416
1.1105263157894738 1.0836426547698199
1.1263157894736842 1.3983414270866126
1.1421052631578947 1.7794051701357958
1.1578947368421053 2.2386189933338603
1.1736842105263159 2.7904374258794062
1.1894736842105265 3.4530902933208694
1.2052631578947368 4.2500525031495062
1.2210526315789474 5.2120243023398034
1.2368421052631580 6.3796394140002679
1.2526315789473685 7.8072247582846046
1.2684210526315789 9.5680969568469223
1.2842105263157895 11.7621294540411565
1.3000000000000000 14.5267120809434633
