20
1.0000000000000000 0.0000000000000000
1.0157894736842106 0.0334543694802574
1.0315789473684212 0.0854920853883153
1.0473684210526315 0.1740615570382213
1.0631578947368421 0.3165338312536625
1.0789473684210527 0.5298781955572083
1.0947368421052632 0.8309118741272639
1.1105263157894738 1.2366432458951757
1.1263157894736842 1.7647268318397229
1.1421052631578947 2.4340496386112385
1.1578947368421053 3.2654726703891850
1.1736842105263159 4.2827590404308138
1.1894736842105265 5.5137318609302390
1.2052631578947368 6.9917220384800753
1.2210526315789474 8.7573898407752804
1.2368421052631580 10.8610369803357880
1.2526315789473685 13.3655714617869208
1.2684210526315789 16.3503507008027782
1.2842105263157895 19.9162170465806661
1.3000000000000000 24.1921651006969824
