20
1.0000000000000000 0.0000000000000000
1.0157894736842106 0.5347657347568346
1.0315789473684212 1.1611351868779720
1.0473684210526315 1.9047336977187661
1.0631578947368421 2.7823136110873268
1.0789473684210527 3.8115342958966583
1.0947368421052632 5.0149591453263236
1.1105263157894738 6.4217711303435170
1.1263157894736842 8.0692328070036101
1.1421052631578947 10.0045651343091748
1.1578947368421053 12.2875429369422520
1.1736842105263159 14.9940662422960127
1.1894736842105265 18.2210367705650924
1.2052631578947368 22.0930006516078024
1.2210526315789474 26.7712179836049557
1.2368421052631580 32.4661139611969887
1.2526315789473685 39.4545003096758009
1.2684210526315789 48.1036012593583848
1.2842105263157895 58.9048880495716816
1.3000000000000000 72.5221986824480211
