20
1.0000000000000000 0.0000000000000000
1.0157894736842106 0.3965532264294347
1.0315789473684212 0.8466843417144778
1.0473684210526315 1.3747662161914285
1.0631578947368421 2.0034481727542652
1.0789473684210527 2.7555965393512318
1.0947368421052632 3.6550458627424840
1.1105263157894738 4.7269162465354704
1.1263157894736842 5.9980179999075727
1.1421052631578947 7.4974627517330550
1.1578947368421053 9.2574816187711750
1.1736842105263159 11.3144510263401763
1.1894736842105265 13.7101491039053336
1.2052631578947368 16.4932873427505271
1.2210526315789474 19.7213831923669289
1.2368421052631580 23.4630628593970734
1.2526315789473685 27.8009129485226971
1.2684210526315789 32.8350378381079366
1.2842105263157895 38.6875304200427053
1.3000000000000000 45.5081317806827172
