20
1.0000000000000000 0.0000000000000000
1.0157894736842106 0.3653418123940346
1.0315789473684212 0.7759431245884589
1.0473684210526315 1.2508209239782926
1.0631578947368421 1.8079202469313285
1.0789473684210527 2.4662024442718393
1.0947368421052632 3.2473421139610279
1.1105263157894738 4.1771063949545155
1.1263157894736842 5.2868487298701075
1.1421052631578947 6.6154440431355219
1.1578947368421053 8.2119141577877066
1.1736842105263159 10.1390111427553293
1.1894736842105265 12.4781239865316387
1.2052631578947368 15.3360443059177527
1.2210526315789474 18.8543874577954149
1.2368421052631580 23.2228591648777112
1.2526315789473685 28.6981588186082632
1.2684210526315789 35.6312408499452715
1.2842105263157895 44.5071148357182977
1.3000000000000000 56.0036847756824798
