20
1.0000000000000000 0.0000000000000000
1.0157894736842106 0.6815686573063728
1.0315789473684212 1.4478993170891787
1.0473684210526315 2.3209969947965030
1.0631578947368421 3.3249242833144299
1.0789473684210527 4.4889391458736201
1.0947368421052632 5.8476525286059609
1.1105263157894738 7.4419272336675739
1.1263157894736842 9.3207044580635134
1.1421052631578947 11.5436394444336461
1.1578947368421053 14.1846061305304616
1.1736842105263159 17.3363078963187434
1.1894736842105265 21.1163857111043889
1.2052631578947368 25.6755931666333481
1.2210526315789474 31.2088522665526824
1.2368421052631580 37.9703575934008413
1.2526315789473685 46.2944178338707815
1.2684210526315789 56.6245004374860130
1.2842105263157895 69.5541142129571313
1.3000000000000000 85.8849420631526073
