20
1.0000000000000000 0.0000000000000000
1.0157894736842106 0.2196896188183945
1.0315789473684212 0.4443968122470592
1.0473684210526315 0.6789689097843032
1.0631578947368421 0.9281106588336883
1.0789473684210527 1.1964606265698405
1.0947368421052632 1.4887107423602632
1.1105263157894738 1.8097804884377107
1.1263157894736842 2.1650580847348513
1.1421052631578947 2.5607243106534385
1.1578947368421053 3.0041810499732966
1.1736842105263159 3.5046172475421251
1.1894736842105265 4.0737612950253972
1.2052631578947368 4.7268934079120353
1.2210526315789474 5.4842283144018582
1.2368421052631580 6.3728339953356627
1.2526315789473685 7.4293367399410535
1.2684210526315789 8.7037934648769060
1.2842105263157895 10.2653171781900632
1.3000000000000000 12.2103674887988181
