# Random Search 1: station 44 Dec 23

Direct Random Search Algorithm: 10 loads and 8 experimental tests.
#eval          value             x(0)             x(1)             x(2)             x(3)             x(4)             x(5)             x(6)             x(7)
1   1.421643e-01   1.721200e+03   4.260000e+01   4.290000e+01   1.313800e+03   6.090000e+01   2.795350e+01   3.060000e-02
3   1.382492e-01   1.797412e+03   4.131794e+01   4.313588e+01   1.420585e+03   5.753846e+01   2.809230e+01   3.447339e-02
6   1.357488e-01   2.074827e+03   3.751577e+01   3.852325e+01   1.287832e+03   6.269928e+01   2.914826e+01   3.331223e-02
7   1.286862e-01   2.048579e+03   3.075309e+01   4.099318e+01   1.252346e+03   6.031162e+01   2.827684e+01   3.030474e-02
8   1.085495e-01   2.063122e+03   2.800507e+01   4.129907e+01   1.230429e+03   4.910389e+01   2.635977e+01   3.496523e-02
9   1.077383e-01   1.837546e+03   2.683861e+01   3.664833e+01   1.094656e+03   5.177339e+01   2.488674e+01   3.529009e-02
10   9.413390e-02   2.193154e+03   3.027531e+01   3.053623e+01   1.156991e+03   5.651615e+01   2.267063e+01   3.619073e-02
11   8.547199e-02   1.862955e+03   3.110087e+01   3.039480e+01   1.033204e+03   5.899432e+01   1.836217e+01   3.662642e-02
12   7.964256e-02   2.022990e+03   3.354300e+01   2.568937e+01   9.457832e+02   5.907079e+01   1.665783e+01   4.289806e-02
13   7.791679e-02   1.886796e+03   3.294577e+01   2.356514e+01   9.887873e+02   6.320836e+01   1.483387e+01   4.355500e-02
14   7.302776e-02   2.040617e+03   3.111412e+01   2.204622e+01   1.137200e+03   6.415653e+01   9.006092e+00   4.594925e-02
15   7.290934e-02   1.847766e+03   3.615333e+01   2.596477e+01   1.193578e+03   6.373040e+01   9.301655e+00   4.757330e-02
16   7.290428e-02   2.015363e+03   2.668519e+01   2.357187e+01   1.244689e+03   6.649814e+01   9.310631e+00   4.158539e-02
18   7.272631e-02   2.166893e+03   2.984431e+01   2.064207e+01   1.460661e+03   6.278214e+01   9.447350e+00   4.277729e-02
19   7.269274e-02   2.259977e+03   2.714520e+01   2.244634e+01   1.349463e+03   5.975270e+01   1.008895e+01   3.992586e-02
26   7.259623e-02   2.281245e+03   2.487434e+01   2.337672e+01   1.604459e+03   5.935522e+01   1.008652e+01   3.476796e-02
29   7.252172e-02   2.620384e+03   2.227929e+01   2.583548e+01   1.827642e+03   5.988520e+01   1.024571e+01   3.687889e-02
31   7.249229e-02   3.150815e+03   2.299595e+01   2.617764e+01   1.769637e+03   5.777457e+01   1.052171e+01   4.308377e-02
32   7.236796e-02   3.008257e+03   2.248047e+01   2.637409e+01   2.055316e+03   5.374682e+01   1.087614e+01   4.899473e-02
40   7.231731e-02   3.182596e+03   2.019516e+01   2.704913e+01   2.317820e+03   4.267805e+01   1.137445e+01   4.792741e-02
48   7.228501e-02   3.090491e+03   2.102412e+01   2.958141e+01   2.120881e+03   4.128670e+01   1.125745e+01   4.537855e-02
49   7.228137e-02   3.004704e+03   2.226651e+01   3.210583e+01   2.047515e+03   4.087849e+01   1.125372e+01   4.453545e-02
50   7.223684e-02   3.224746e+03   1.949391e+01   3.226607e+01   2.114810e+03   3.774324e+01   1.285580e+01   4.763275e-02
51   7.219538e-02   2.858824e+03   1.810550e+01   3.055067e+01   1.880795e+03   3.578763e+01   1.187748e+01   5.347846e-02
58   7.213274e-02   3.099010e+03   1.794546e+01   3.506931e+01   1.990923e+03   3.226160e+01   1.233293e+01   4.695361e-02
62   7.210992e-02   3.245959e+03   1.838994e+01   3.024240e+01   1.796200e+03   3.578423e+01   1.223783e+01   4.747299e-02
70   7.208977e-02   3.078925e+03   2.110917e+01   3.163409e+01   1.715274e+03   3.125669e+01   1.223992e+01   4.614274e-02
79   7.208663e-02   3.161513e+03   2.268840e+01   2.806513e+01   1.776805e+03   2.800840e+01   1.398527e+01   4.362730e-02
82   7.204292e-02   3.208659e+03   2.285757e+01   2.738977e+01   1.891032e+03   2.694523e+01   1.248244e+01   4.637140e-02
90   7.201699e-02   3.249919e+03   2.359202e+01   2.186748e+01   1.826568e+03   2.894722e+01   1.333815e+01   4.343964e-02
SOLUTION = 
Epetra::SerialDenseVectorData access mode: Copy
A_Copied: yes
Length(M): 7
3136.79 21.6153 21.8767 1570.57 25.1707 13.1301 0.0417596 

